//ID    X        Y        EarlyStart(s)    LateStart(s)    Svc(s)    Vol(m3) Wgt(kg)
//--------------------------------------------------------------------------------------
S0001   18.6     -6.1     30317            45321           300       1.8     310.1  
S0002   -0.5     -14.1    54393            64800           300       0.8     363.9  
S0003   -4.6     -7.9     48258            64800           300       1.8     70.5   
S0004   -14.2    -14.1    33087            46991           300       1.9     391.7  
S0005   12.0     19.4     39900            56255           300       2.0     275.2  
S0006   -4.2     -8.2     47271            58455           300       1.0     192.5  
S0007   -19.3    4.6      29389            49757           300       0.8     212.5  
S0008   19.9     3.4      31933            46951           300       1.8     368.8  
S0009   13.4     -14.1    53309            64800           300       1.8     251.0  
S0010   -5.3     -2.9     32180            42603           300       2.6     204.9  
S0011   -18.3    -0.3     29870            38561           300       1.6     204.0  
S0012   3.5      -18.8    23484            32170           300       1.8     117.2  
S0013   8.6      1.9      53934            64800           300       1.9     75.8   
S0014   -19.9    8.8      42048            62940           300       2.8     88.8   
S0015   5.7      -11.3    38556            53062           300       3.0     85.6   
S0016   12.4     2.5      26557            34093           300       2.9     116.6  
S0017   -15.0    -11.3    48211            64571           300       2.7     267.4  
S0018   10.7     11.0     37472            46000           300       2.2     296.8  
S0019   -8.2     3.4      40082            52314           300       2.2     258.2  
S0020   -12.1    15.3     22904            44292           300       1.0     377.5  
S0021   -20.0    19.4     40813            49946           300       2.9     116.9  
S0022   6.9      11.3     21657            36037           300       2.9     384.6  
S0023   5.7      -15.8    23501            44008           300       2.0     331.5  
S0024   19.6     -4.8     30353            37881           300       2.7     123.1  
S0025   -9.7     -10.9    49858            61113           300       2.4     314.8  
S0026   17.6     17.4     56355            64800           300       0.8     113.8  
S0027   -12.5    18.0     21738            40597           300       2.8     370.0  
S0028   1.0      11.8     34498            47735           300       2.1     129.6  
S0029   16.0     -8.7     38426            57983           300       1.9     261.6  
S0030   13.4     14.3     38825            54077           300       2.1     308.7  
S0031   -13.9    18.4     52745            60932           300       1.4     209.3  
S0032   17.3     -7.7     32630            41700           300       2.4     268.9  
S0033   18.8     -19.2    48509            64800           300       0.9     306.2  
S0034   -17.3    -2.3     32069            44842           300       1.5     200.4  
S0035   14.7     10.8     41870            54933           300       0.7     299.0  
S0036   -1.0     6.5      56522            64800           300       2.4     110.8  
S0037   -5.7     1.1      42967            63800           300       2.7     367.4  
S0038   2.7      3.7      27302            39566           300       0.5     53.7   
S0039   -6.9     -4.4     48765            64800           300       1.2     54.5   
S0040   5.5      2.2      32459            48329           300       1.3     77.2   
S0041   16.2     -6.7     43670            55489           300       2.1     118.5  
S0042   -18.5    14.0     27596            38805           300       0.9     229.9  
S0043   -6.0     3.8      38459            51742           300       1.8     212.6  
S0044   7.7      -16.4    22268            37368           300       2.9     313.2  
S0045   4.2      -4.6     55209            64800           300       0.6     359.1  
S0046   -3.9     10.5     36040            44901           300       0.5     354.5  
S0047   19.9     -13.1    53777            64800           300       2.1     100.9  
S0048   1.4      4.8      22383            29860           300       0.5     290.2  
S0049   17.6     10.0     39616            52720           300       1.7     312.9  
S0050   -13.5    -12.1    35038            45122           300       1.2     130.5  
S0051   -3.5     -8.4     30441            49169           300       2.4     275.2  
S0052   1.4      2.5      26089            41981           300       2.0     180.4  
S0053   1.5      -16.7    35632            44852           300       1.0     262.9  
S0054   7.4      -4.1     52676            62156           300       2.5     210.9  
S0055   -9.6     -9.3     53873            64800           300       0.6     78.5   
S0056   2.1      -12.2    26144            33968           300       1.8     156.1  
S0057   -2.7     -18.0    30445            38731           300       1.1     337.4  
S0058   7.2      14.1     35458            49373           300       2.0     226.3  
S0059   -5.5     7.6      31701            42612           300       0.5     207.1  
S0060   -1.0     0.5      34302            44135           300       2.7     300.9  
S0061   -13.8    -11.1    22095            31994           300       1.6     167.3  
S0062   -1.8     -4.2     41617            61613           300       1.6     294.5  
S0063   15.2     18.2     53158            61707           300       2.6     97.4   
S0064   -4.0     -4.6     34461            54983           300       1.6     91.5   
S0065   9.7      -4.2     38128            58148           300       2.2     169.8  
S0066   -17.9    -19.4    47550            63728           300       2.7     281.0  
S0067   4.1      -3.7     40248            58087           300       2.2     68.1   
S0068   -17.2    -11.1    35114            42706           300       2.1     253.0  
S0069   3.7      -19.9    29162            41410           300       1.2     158.6  
S0070   -19.4    -16.7    22278            33588           300       0.9     71.7   
S0071   2.8      9.4      31549            49792           300       2.6     264.8  
S0072   -8.1     -8.4     56420            64800           300       1.2     221.2  
S0073   8.2      -19.9    24283            43119           300       2.7     244.1  
S0074   -4.1     0.0      46201            61830           300       1.9     217.1  
S0075   -12.4    0.9      26764            42798           300       1.4     104.8  
S0076   13.4     4.8      48187            60889           300       0.8     299.3  
S0077   0.3      3.9      27746            38237           300       2.9     371.8  
S0078   3.4      -3.6     27641            48621           300       2.3     210.8  
S0079   -0.8     13.4     24190            40066           300       1.2     71.6   
S0080   6.4      -13.3    24115            43492           300       2.4     85.8   
S0081   17.5     -9.3     50944            64800           300       0.9     193.0  
S0082   2.9      3.9      31929            48427           300       1.4     123.8  
S0083   16.3     -12.8    26413            43852           300       0.7     392.8  
S0084   6.1      -0.8     34720            52375           300       2.9     364.1  
S0085   13.7     11.9     30298            47293           300       0.7     329.4  
S0086   11.0     10.4     45600            64800           300       2.2     226.8  
S0087   -0.7     -2.1     49845            64800           300       2.1     68.5   
S0088   -2.1     10.7     55562            64800           300       2.2     343.3  
S0089   -15.1    -0.8     46771            60676           300       2.1     175.6  
S0090   8.9      -15.5    37509            46665           300       1.0     50.8   
S0091   -1.0     -7.6     43637            54885           300       0.7     388.4  
S0092   3.3      2.0      26056            38024           300       1.9     312.9  
S0093   -11.3    -13.5    53396            64800           300       0.8     334.5  
S0094   9.7      2.5      55890            64800           300       2.2     308.7  
S0095   -16.8    -18.2    47341            59677           300       1.0     393.8  
S0096   -12.1    1.5      28390            39828           300       2.3     380.0  
S0097   6.4      3.2      50022            61237           300       0.6     247.5  
S0098   -5.2     17.3     46243            62827           300       1.3     175.6  
S0099   16.6     18.2     44862            62907           300       0.6     343.9  
S0100   -13.5    3.8      23008            44486           300       1.0     394.8  
S0101   0.3      -8.2     48084            64800           300       2.0     66.3   
S0102   -9.8     -12.9    55942            64800           300       1.8     258.2  
S0103   -19.4    -3.8     56174            64800           300       2.0     249.7  
S0104   18.2     10.6     25542            41498           300       2.9     182.0  
S0105   -6.7     4.3      41739            58532           300       2.2     316.3  
S0106   -8.3     6.2      25882            43069           300       1.0     268.3  
S0107   -9.3     18.0     43715            56082           300       2.8     327.9  
S0108   3.7      -1.3     42712            62924           300       0.5     91.8   
S0109   -6.5     18.5     39418            47936           300       1.2     117.0  
S0110   -18.3    10.4     28049            40337           300       1.6     107.9  
S0111   17.9     -11.7    52325            64800           300       1.4     61.1   
S0112   4.2      16.0     37417            54638           300       2.2     208.6  
S0113   16.2     11.9     54644            64800           300       0.7     166.5  
S0114   11.4     -13.4    32016            51561           300       1.3     265.2  
S0115   -17.1    18.1     54430            64800           300       1.6     379.3  
S0116   -3.9     2.6      55230            64800           300       2.6     359.0  
S0117   1.6      -12.2    22923            41974           300       1.3     395.6  
S0118   -13.2    -18.4    51979            64800           300       1.6     75.1   
S0119   8.4      -8.1     40123            47910           300       0.7     91.1   
S0120   -6.6     4.2      25837            40939           300       0.7     92.9   
S0121   9.9      -0.9     45493            64800           300       1.8     171.0  
S0122   -16.1    -12.1    50764            64800           300       2.5     349.6  
S0123   -3.8     -18.2    32938            48939           300       2.2     160.8  
S0124   -1.9     -4.5     35840            48924           300       1.8     327.6  
S0125   12.8     3.9      56872            64800           300       1.2     262.7  
S0126   -8.2     -9.4     36267            45863           300       0.9     392.2  
S0127   -18.0    19.7     43644            51067           300       2.7     221.3  
S0128   -11.3    -9.5     26609            36235           300       0.6     235.0  
S0129   17.4     -11.6    32671            42430           300       0.7     247.7  
S0130   -16.7    -10.4    57108            64800           300       2.0     78.1   
S0131   -6.9     -3.7     44546            53076           300       1.6     66.4   
S0132   -3.3     -18.6    47309            59260           300       1.9     276.5  
S0133   -12.5    -1.1     34036            53221           300       0.7     93.9   
S0134   -19.1    9.1      36261            48712           300       2.5     245.8  
S0135   15.9     -17.7    31473            50962           300       2.4     96.1   
S0136   -13.5    -19.7    51859            64800           300       1.6     290.6  
S0137   -2.6     12.9     43430            54336           300       2.7     304.2  
S0138   -5.5     -5.2     50287            60377           300       0.9     374.1  
S0139   -17.8    11.6     37055            57801           300       0.7     222.9  
S0140   -17.4    12.6     36467            45776           300       2.0     372.3  
S0141   14.9     0.9      42482            55619           300       1.9     214.1  
S0142   11.9     3.5      39794            57684           300       2.7     391.3  
S0143   0.1      -12.6    26597            38606           300       1.4     314.5  
S0144   8.2      0.1      28497            39010           300       2.3     193.7  
S0145   -8.9     -8.1     26843            43967           300       2.4     253.2  
S0146   3.4      12.9     42307            57596           300       2.7     52.0   
S0147   -11.9    11.3     41117            50862           300       1.2     215.4  
S0148   19.9     -6.5     51937            59315           300       1.5     156.8  
S0149   11.5     -12.2    47811            64800           300       2.8     224.8  
S0150   18.0     18.5     47143            64800           300       1.2     98.3   
S0151   -19.6    -15.7    22883            39668           300       1.9     192.9  
S0152   -4.3     -19.2    49131            58671           300       1.6     340.6  
S0153   14.4     6.6      36593            51341           300       2.3     218.3  
S0154   1.4      -4.3     43159            57457           300       0.5     320.0  
S0155   16.6     -14.9    27893            39012           300       2.2     352.7  
S0156   7.0      10.4     36326            51776           300       1.8     356.0  
S0157   11.7     19.3     47307            60972           300       2.1     88.7   
S0158   15.8     -0.2     41403            53840           300       1.4     170.2  
S0159   -6.6     8.9      36628            57604           300       1.3     308.6  
S0160   9.5      3.5      44638            53036           300       2.9     100.7  
S0161   12.2     -7.1     50299            60798           300       1.4     236.1  
S0162   -13.0    -19.3    39441            50914           300       1.1     348.5  
S0163   9.9      1.4      49411            60369           300       1.4     124.8  
S0164   14.7     -17.0    51663            59698           300       2.2     268.5  
S0165   -9.4     -12.3    40908            55454           300       1.2     223.2  
S0166   3.8      13.2     38021            59159           300       1.1     67.2   
S0167   -4.0     11.7     39077            48292           300       2.9     270.4  
S0168   19.7     -12.9    22441            36947           300       1.8     205.5  
S0169   18.1     -0.6     41324            55141           300       2.0     249.1  
S0170   16.7     -16.2    47576            60955           300       2.1     327.9  
S0171   3.0      10.7     22464            34612           300       1.2     96.7   
S0172   14.4     2.7      44300            60293           300       0.7     177.0  
S0173   11.1     -17.8    49897            64423           300       1.8     388.8  
S0174   10.9     9.1      50459            63764           300       0.6     351.7  
S0175   -18.4    -13.7    24798            40373           300       2.4     103.5  
S0176   -11.2    -8.5     31051            47359           300       1.3     305.2  
S0177   -2.1     6.9      31381            42260           300       2.3     222.0  
S0178   6.7      -5.1     44018            60198           300       1.3     176.9  
S0179   17.2     18.8     46664            64800           300       2.5     264.0  
S0180   -17.0    14.2     30795            44819           300       0.8     119.9  
S0181   14.7     -15.3    57091            64800           300       0.8     50.2   
S0182   -0.9     10.6     55411            64800           300       2.5     60.3   
S0183   -10.7    -0.2     37515            47420           300       2.6     69.0   
S0184   -4.1     -5.6     44610            58925           300       2.1     221.2  
S0185   -18.6    -4.3     38377            48542           300       1.4     300.0  
S0186   -2.6     0.7      27814            40686           300       1.3     352.3  
S0187   1.4      -0.5     47317            64800           300       2.8     239.0  
S0188   17.4     -14.4    43418            51831           300       1.2     90.6   
S0189   -11.8    -6.2     51262            64800           300       2.2     171.0  
S0190   -19.3    13.5     29060            45495           300       2.2     396.0  
S0191   -4.4     -17.5    23414            33945           300       1.1     128.8  
S0192   2.9      13.7     48781            62646           300       1.3     208.0  
S0193   18.4     -0.5     50715            63479           300       2.9     316.4  
S0194   3.5      6.3      55514            64800           300       0.9     93.3   
S0195   16.8     5.9      30273            37585           300       1.3     69.2   
S0196   -16.8    3.6      47112            62316           300       2.5     175.0  
S0197   5.2      -5.0     44795            63334           300       2.6     195.0  
S0198   -5.8     16.4     50437            64404           300       2.3     320.3  
S0199   15.2     18.6     26505            45362           300       2.5     353.7  
S0200   -9.5     16.5     34122            48758           300       1.4     177.2  
S0201   -15.5    11.5     24541            33521           300       0.9     143.0  
S0202   -19.3    0.6      46901            60803           300       0.6     78.1   
S0203   -4.1     -9.4     50182            60979           300       2.0     230.8  
S0204   -6.8     18.4     44804            62701           300       1.0     271.7  
S0205   15.4     11.8     27614            40904           300       1.5     149.7  
S0206   -2.7     8.6      29324            50162           300       1.0     163.1  
S0207   -17.9    15.4     51312            64800           300       2.3     159.5  
S0208   4.6      -15.4    54936            63911           300       2.0     373.1  
S0209   -6.9     -19.7    30402            43360           300       2.2     366.6  
S0210   11.8     17.5     33245            49541           300       2.1     101.8  
S0211   11.7     13.8     55360            64800           300       2.1     125.2  
S0212   19.9     15.8     28635            38645           300       2.2     180.0  
S0213   -18.8    -1.8     55146            64800           300       1.5     399.2  
S0214   -15.8    -4.1     46351            56091           300       2.9     56.3   
S0215   -5.1     -7.3     48692            64800           300       0.6     292.5  
S0216   -17.5    -1.8     41204            53317           300       1.8     126.9  
S0217   19.1     -17.8    45500            62870           300       2.6     59.2   
S0218   -15.7    16.5     27673            43152           300       1.7     325.2  
S0219   7.9      8.8      25225            36210           300       1.6     94.6   
S0220   -4.8     -0.1     40061            57792           300       0.8     224.4  
S0221   11.5     -14.8    53759            64800           300       2.5     59.6   
S0222   3.5      -10.0    29957            37756           300       1.3     382.8  
S0223   -0.2     9.2      33536            51578           300       1.2     376.2  
S0224   -1.3     8.1      39903            50347           300       1.6     154.8  
S0225   -10.6    -12.2    28893            43366           300       2.5     50.3   
S0226   0.5      -3.0     28943            47760           300       2.1     382.0  
S0227   -14.6    4.7      53692            62581           300       0.5     160.8  
S0228   3.6      -15.6    49847            64800           300       2.3     226.1  
S0229   -3.8     -15.9    53410            64800           300       2.7     76.4   
S0230   4.1      -18.1    26277            35998           300       3.0     321.5  
S0231   -5.4     -10.7    48447            64800           300       1.8     315.5  
S0232   19.0     17.1     44405            57650           300       1.2     301.4  
S0233   7.5      8.9      22009            39365           300       1.6     244.9  
S0234   13.1     7.3      29094            39760           300       2.0     167.1  
S0235   16.5     -4.4     57010            64800           300       2.4     328.3  
S0236   -17.2    -2.6     48505            56134           300       2.2     316.0  
S0237   9.3      -3.2     54483            64800           300       0.5     253.0  
S0238   6.2      6.9      22213            29518           300       1.7     107.4  
S0239   6.3      4.2      37723            54311           300       1.7     293.1  
S0240   -17.0    1.5      44342            57592           300       1.7     118.0  
S0241   -13.7    -16.2    55746            64800           300       2.7     268.3  
S0242   -11.4    4.8      46565            64800           300       1.8     268.0  
S0243   -17.4    15.8     23142            33932           300       1.3     380.3  
S0244   -4.2     -4.7     47089            60569           300       0.7     172.9  
S0245   2.8      16.7     22071            43545           300       2.7     255.0  
S0246   -15.9    18.6     41467            58292           300       2.3     109.6  
S0247   -13.5    14.0     23935            41247           300       0.7     131.5  
S0248   4.5      -6.0     23744            37526           300       2.6     304.1  
S0249   15.7     6.5      38025            50293           300       1.3     208.9  
S0250   -10.8    6.8      39889            59161           300       1.1     88.9   
S0251   -15.0    -8.5     43347            61959           300       1.8     334.1  
S0252   -10.8    -8.9     29997            41497           300       1.5     358.5  
S0253   2.8      -8.2     32592            51421           300       2.8     355.1  
S0254   18.8     -18.0    46079            56255           300       1.0     72.1   
S0255   17.2     3.1      55828            64800           300       2.1     279.9  
S0256   9.7      -2.1     54354            64800           300       2.0     324.7  
S0257   1.5      -1.1     52643            61390           300       0.7     64.0   
S0258   16.6     -10.5    31153            38937           300       2.1     203.0  
S0259   -13.3    -13.7    48276            63164           300       1.8     358.7  
S0260   3.2      -4.9     46236            54179           300       2.9     56.8   
S0261   -13.7    11.5     46879            64800           300       1.6     216.3  
S0262   5.3      2.1      31301            49590           300       1.2     197.1  
S0263   -9.5     14.1     27078            43425           300       1.9     123.9  
S0264   -18.5    13.3     37770            45129           300       2.3     208.4  
S0265   -0.6     10.9     22977            34753           300       1.4     84.1   
S0266   -11.3    -6.0     55564            64800           300       1.3     158.0  
S0267   13.6     -7.3     54754            63661           300       2.0     97.5   
S0268   5.9      10.7     23917            35570           300       0.9     313.8  
S0269   -7.2     -9.7     50952            61134           300       1.5     54.8   
S0270   14.6     -2.3     45958            53831           300       0.6     237.5  
S0271   16.0     -4.0     30559            43057           300       2.0     252.2  
S0272   -8.8     -12.1    42183            61555           300       1.6     262.8  
S0273   2.4      -12.9    26421            46495           300       2.0     96.8   
S0274   -7.5     -3.3     26472            47269           300       2.5     195.9  
S0275   13.1     -12.9    44537            57021           300       1.7     222.8  
S0276   18.9     -16.9    48717            64800           300       2.9     261.5  
S0277   -12.4    9.0      32748            40129           300       2.9     205.4  
S0278   14.7     -2.6     53336            64800           300       1.7     205.9  
S0279   17.6     -10.9    27850            43450           300       2.7     353.8  
S0280   5.0      -9.5     25542            35041           300       1.4     236.5  
S0281   -15.1    6.4      42098            50045           300       1.5     180.2  
S0282   3.0      -15.7    56044            64800           300       1.2     385.4  
S0283   -1.2     19.0     23378            42223           300       1.7     390.2  
S0284   5.9      6.9      43628            62054           300       2.6     146.7  
S0285   11.6     6.3      45295            55126           300       2.8     104.1  
S0286   -10.3    -11.8    23888            40383           300       0.6     90.6   
S0287   -4.3     -17.3    27505            37823           300       1.5     255.2  
S0288   -12.5    0.0      25928            40368           300       2.3     242.1  
S0289   -18.7    11.2     26476            38478           300       2.7     242.5  
S0290   -6.8     8.7      32862            42422           300       1.0     204.8  
S0291   -0.6     -6.8     52489            61575           300       0.8     95.3   
S0292   11.7     -13.5    31703            48065           300       1.3     223.0  
S0293   -5.4     3.1      43219            60767           300       1.2     238.0  
S0294   -18.1    11.6     22854            33949           300       2.9     260.6  
S0295   -5.4     -10.2    34110            53346           300       0.8     144.0  
S0296   -11.3    -9.9     29705            39768           300       2.0     241.0  
S0297   -16.4    14.0     30675            48932           300       1.9     351.7  
S0298   4.6      3.3      29510            40925           300       2.8     298.8  
S0299   19.4     15.1     47352            59688           300       2.4     274.0  
S0300   3.8      -3.0     43550            57358           300       1.3     51.8   
S0301   -13.6    10.7     41147            60592           300       2.0     200.9  
S0302   -3.4     19.2     22832            37407           300       1.6     127.3  
S0303   -8.2     12.4     53725            64800           300       2.7     316.4  
S0304   -3.2     -0.1     48201            58167           300       1.4     231.8  
S0305   14.2     18.2     46523            62354           300       0.7     247.8  
S0306   1.2      -4.0     33864            45477           300       3.0     170.2  
S0307   -8.2     18.3     24857            43699           300       2.8     76.5   
S0308   2.6      0.6      28047            46981           300       1.3     396.1  
S0309   2.9      -15.0    38952            58969           300       1.0     79.3   
S0310   -5.9     3.5      53060            61392           300       0.7     66.0   
S0311   10.1     -15.9    29175            46898           300       2.1     168.4  
S0312   -15.7    11.9     29063            48263           300       1.3     217.1  
S0313   -19.8    19.2     47415            64141           300       2.9     56.5   
S0314   19.6     0.3      41900            60795           300       1.6     356.5  
S0315   -11.8    4.2      46854            54540           300       1.1     128.7  
S0316   13.9     -16.2    37720            51875           300       1.4     177.7  
S0317   -18.1    0.0      53278            64800           300       2.5     232.8  
S0318   7.6      12.9     36921            52765           300       0.7     143.6  
S0319   6.7      -18.7    53815            63619           300       2.0     92.0   
S0320   -11.6    -11.6    56255            64800           300       1.5     165.4  
S0321   3.6      -15.1    44984            57157           300       1.3     111.5  
S0322   16.0     -0.5     42840            60169           300       1.3     226.7  
S0323   7.8      -7.1     48187            62870           300       2.9     237.7  
S0324   9.1      -7.7     54633            64800           300       1.7     306.2  
S0325   -14.8    -18.9    35423            55975           300       2.4     219.4  
S0326   -7.1     -10.0    29478            42288           300       2.1     129.5  
S0327   -17.5    11.2     32584            51328           300       1.1     223.6  
S0328   -6.2     -14.1    46130            60546           300       2.7     269.1  
S0329   14.9     0.0      37361            47503           300       2.0     329.4  
S0330   -16.3    5.0      23347            42203           300       0.7     123.9  
S0331   -9.3     -5.1     22898            43605           300       1.9     229.8  
S0332   6.0      -11.5    24142            41213           300       0.5     375.6  
S0333   1.7      -9.5     56813            64800           300       2.5     153.1  
S0334   -11.6    19.9     39777            48339           300       0.9     109.0  
S0335   5.1      7.9      49012            61194           300       0.5     230.4  
