S0027 10.9000 13.6000 49644 60027 300 0.9000 117.3000
S0051 -2.8000 14.4000 56101 64800 300 0.9000 209.4000
S0060 6.6000 15.3000 53046 64800 300 0.8000 138.5000
S0009 6.7000 10.8000 34074 49088 300 2.0000 307.3000
S0015 -3.3000 19.2000 40725 60382 300 2.3000 388.9000
S0058 3.5000 14.8000 49063 64303 300 1.4000 371.6000
S0004 5.8000 16.7000 39061 53122 300 1.6000 335.0000
S0030 10.2000 16.0000 25099 46608 300 1.5000 213.9000
S0073 -2.8000 9.2000 23445 33736 300 1.5000 297.4000
S0094 6.4000 18.0000 37593 48181 300 1.1000 156.5000
S0087 10.2000 16.7000 57061 64800 300 1.2000 230.8000
