S0062 -8.2000 11.0000 45718 58676 300 0.6000 307.5000
S0021 -6.6000 20.0000 54890 64557 300 0.7000 84.1000
S0003 -18.9000 17.4000 28308 42254 300 2.0000 134.1000
S0081 -6.7000 18.2000 51870 63845 300 1.9000 245.6000
S0072 -13.2000 11.9000 56203 64800 300 1.3000 89.7000
S0097 -16.9000 17.1000 24739 39371 300 1.5000 316.4000
S0025 -14.5000 12.2000 45806 56074 300 1.5000 115.0000
S0001 -16.2000 10.4000 36751 54350 300 1.6000 126.7000
S0092 -10.0000 13.0000 27579 46756 300 1.1000 98.1000
S0037 -16.5000 17.0000 41884 57737 300 1.0000 211.5000
S0054 -11.7000 13.1000 52236 64800 300 2.8000 380.8000
