//ID    X        Y        EarlyStart(s)    LateStart(s)    Svc(s)    Vol(m3) Wgt(kg)
// Source: 102_stop.txt | Clusters: 12
//----------------------------------------------------------

// === Cluster 1 (11 stops, vol=16.0m3, center=(12.10,0.17)) ===
S0100        19.4     -1.3        55136        64800      300      1.6    374.4
S0089        16.1     -0.7        30155        38504      300      0.6    323.0
S0022        12.8      4.0        32838        41665      300      0.8     56.1
S0096         8.4      0.5        48053        64329      300      0.7    287.1
S0065         9.2     -1.2        46072        54302      300      1.1    124.9
S0045         2.8      2.4        28464        43969      300      0.9    177.5
S0067        10.9     -3.3        39549        59839      300      2.4    171.5
S0030         9.4     -2.1        57534        64800      300      1.4    318.7
S0060        19.3      2.5        55663        64800      300      2.1     79.3
S0092        15.9      3.4        44678        60800      300      2.5     88.5
S0025         8.9     -2.3        40957        51837      300      1.9    358.1

// === Cluster 2 (10 stops, vol=15.5m3, center=(11.34,8.41)) ===
S0049        11.3      7.0        22241        31962      300      2.8    340.0
S0038         6.5     10.2        40656        58071      300      0.7    265.2
S0075         7.0     11.4        27369        47970      300      1.3    270.9
S0068        15.4     11.2        54166        64800      300      1.0    395.9
S0010        12.7      8.5        42346        55166      300      0.9    225.9
S0102         8.5      9.6        26760        35137      300      0.9    380.5
S0081        18.0      6.6        39329        50861      300      2.2    345.8
S0041         9.3      6.9        40518        55229      300      2.3    111.7
S0020        14.8      7.1        30072        39212      300      1.5    226.1
S0086         9.9      5.6        28848        42298      300      1.9    210.8

// === Cluster 3 (10 stops, vol=15.7m3, center=(1.65,-5.16)) ===
S0063         2.7     -4.0        27754        41508      300      0.6    143.6
S0064        -3.1     -6.3        52744        60801      300      1.0     50.2
S0023         1.8     -6.1        28857        47246      300      1.1    182.3
S0031         3.3     -3.7        40029        49153      300      1.1    189.2
S0070         3.0     -5.8        41617        62011      300      1.7    167.1
S0069         3.5     -2.3        46511        60044      300      2.0    387.1
S0009         2.8     -6.3        37812        54923      300      2.1    268.8
S0066        -1.8     -4.9        57587        64800      300      1.9    169.9
S0091         5.7     -3.1        27865        41763      300      1.9    240.0
S0080        -1.4     -9.1        52030        61230      300      2.3    338.5

// === Cluster 4 (9 stops, vol=15.9m3, center=(12.93,15.94)) ===
S0033         9.4     15.7        51592        62409      300      2.8    398.4
S0093        11.2     15.1        53835        64800      300      2.7    186.5
S0094        14.4     16.9        50405        62147      300      0.7    200.6
S0078        16.8     17.8        44280        53579      300      0.8    317.6
S0017        16.0     16.0        28442        48852      300      1.4    190.7
S0054        11.0     16.5        43480        54925      300      2.0     85.0
S0008        15.1     12.2        55742        64800      300      1.1    101.6
S0035         9.2     19.7        28411        40014      300      2.2    238.8
S0076        13.3     13.6        35672        55673      300      2.2    310.3

// === Cluster 5 (9 stops, vol=14.5m3, center=(-10.31,12.59)) ===
S0085        -1.7     12.0        55410        64800      300      2.8    182.7
S0018       -16.9      7.8        43663        51282      300      2.4    140.3
S0004       -15.6      9.1        54023        62690      300      0.5    203.6
S0006        -8.0     15.4        46437        58004      300      0.6    221.1
S0037        -9.3     11.9        49595        64800      300      1.0    116.1
S0024       -13.2     17.1        38006        56180      300      1.3    375.8
S0082       -14.4     17.3        37462        50125      300      2.1    257.7
S0047        -4.0      9.5        42928        51919      300      2.1    175.4
S0011        -9.7     13.2        30190        46371      300      1.7    211.8

// === Cluster 6 (9 stops, vol=15.6m3, center=(-11.57,2.46)) ===
S0051       -11.1      0.3        52349        64239      300      2.9    141.3
S0053        -5.7     -0.0        47107        61176      300      2.7    123.1
S0083       -17.7      3.1        46605        61971      300      0.6    234.7
S0084        -3.3      2.4        40059        60316      300      0.8    253.5
S0056       -11.0      3.0        23838        38261      300      0.9    151.9
S0073       -12.8      0.3        55497        64800      300      1.2    255.6
S0058       -16.8      2.5        28746        37450      300      2.2    159.7
S0098        -7.9      1.8        30565        50862      300      2.5    161.7
S0061       -17.8      8.7        48464        58790      300      1.8    184.7

// === Cluster 7 (9 stops, vol=15.5m3, center=(9.23,-8.23)) ===
S0042         6.7     -3.9        22705        43203      300      2.9    295.5
S0039         0.9     -3.5        50799        62512      300      2.9    255.3
S0001        11.3     -9.6        54498        64800      300      0.6     87.2
S0048         5.0     -7.5        49793        64800      300      0.6    202.0
S0062         6.9    -11.3        24427        37903      300      1.2    190.0
S0050        16.8    -13.5        22505        39562      300      1.4    277.0
S0034        12.6     -8.7        48196        59865      300      1.5    239.2
S0057        14.4    -10.3        36068        43301      300      2.5    226.5
S0007         8.5     -5.8        47405        54832      300      1.9    345.6

// === Cluster 8 (8 stops, vol=16.0m3, center=(-8.73,-14.30)) ===
S0097        -8.1    -15.9        43089        63551      300      2.7    124.9
S0016       -12.5    -19.2        50315        64800      300      2.9    318.1
S0099        -7.0    -10.0        39265        48037      300      0.9    204.1
S0015       -11.9    -12.6        29951        46276      300      1.2    319.5
S0087       -12.9    -13.9        46003        64766      300      1.7    304.2
S0090        -4.8     -9.0        30509        38366      300      1.9    188.0
S0055        -8.4    -14.4        54754        64800      300      2.2    144.7
S0013        -4.2    -19.4        22569        30854      300      2.5    127.8

// === Cluster 9 (7 stops, vol=14.8m3, center=(-0.51,18.11)) ===
S0014        -0.7     19.3        34999        43286      300      2.8    117.9
S0003        -1.3     11.9        56380        64800      300      2.8    283.4
S0077        -3.7     19.5        42141        55984      300      2.5    131.2
S0072         1.5     17.5        53942        64800      300      2.4     85.3
S0079        -2.6     19.9        56320        64800      300      0.7    183.3
S0040         1.7     19.9        57082        64800      300      2.1     93.1
S0005         1.5     18.8        43364        55441      300      1.5    217.2

// === Cluster 10 (7 stops, vol=14.7m3, center=(2.33,6.24)) ===
S0028         3.4      5.5        39547        49722      300      2.9     94.6
S0036         3.4      7.2        56537        64800      300      2.9    325.2
S0002        -2.9      0.9        31030        43964      300      2.5    295.7
S0059         8.6      4.8        33524        54611      300      2.2    316.5
S0043         3.9      7.8        28646        46751      300      1.0    259.2
S0074        -1.0      6.9        29442        42881      300      1.3    106.5
S0088         0.9     10.6        48054        64800      300      1.9    286.5

// === Cluster 11 (7 stops, vol=11.7m3, center=(-17.20,-8.10)) ===
S0095       -13.3    -10.6        35973        52325      300      2.7    120.2
S0021       -18.4     -5.1        49218        60707      300      2.6    108.8
S0027       -19.2     -7.9        53962        64800      300      2.4    253.9
S0029       -19.8     -4.2        38762        51433      300      1.4    198.2
S0044       -13.3     -8.0        40310        50973      300      1.1    376.7
S0012       -18.7    -14.2        26857        45960      300      1.0    312.8
S0026       -17.7     -6.7        32483        48882      300      0.5    163.8

// === Cluster 12 (6 stops, vol=11.2m3, center=(5.13,-18.10)) ===
S0071         8.4    -18.2        33960        52960      300      2.8    338.2
S0019         3.0    -17.6        51201        64099      300      2.1    213.4
S0032         5.3    -15.0        56947        64800      300      2.0    271.1
S0046        -0.5    -19.6        52969        64800      300      1.7     82.2
S0052         6.1    -18.2        25628        38985      300      1.4    172.0
S0101         8.5    -20.0        43104        61215      300      1.2    308.2
