S0018 6.6000 -3.6000 23993 32890 300 1.3000 77.3000
S0071 5.0000 -9.5000 25345 40347 300 1.2000 181.4000
S0028 9.4000 -0.9000 54816 64800 300 1.1000 304.0000
S0040 -5.1000 -15.1000 43368 54378 300 1.1000 94.2000
S0084 7.9000 -15.3000 54120 64800 300 1.0000 279.8000
S0061 2.8000 -15.5000 56427 64800 300 1.0000 270.5000
S0088 6.1000 0.9000 25494 33958 300 1.0000 204.4000
S0036 4.3000 -16.6000 51674 59286 300 0.7000 333.0000
S0089 8.2000 -17.7000 53853 63499 300 2.7000 308.5000
S0067 3.8000 -10.4000 34710 55778 300 2.3000 117.7000
S0080 6.4000 -7.4000 35449 51025 300 2.3000 300.8000
