S0102 16.2000 14.6000 51185 64800 300 0.7000 233.0000
S0082 16.8000 17.9000 52024 63003 300 0.7000 215.6000
S0002 17.4000 6.5000 32793 48587 300 0.8000 261.6000
S0026 17.8000 15.9000 30230 46966 300 1.1000 399.8000
S0043 16.0000 10.5000 41424 49449 300 1.1000 124.4000
S0039 18.9000 18.1000 27050 39953 300 3.0000 78.0000
S0005 17.0000 10.2000 30706 39572 300 2.2000 68.1000
S0050 18.0000 5.9000 23818 41279 300 2.7000 190.4000
S0041 13.7000 11.6000 22034 33024 300 1.4000 188.6000
S0069 17.3000 6.7000 25373 33550 300 1.8000 287.0000
