S0964 -19.5000 3.9000 46423 60827 300 1.5000 379.6000
S0214 -19.5000 3.2000 45719 60667 300 2.9000 344.9000
S1036 -18.7000 4.0000 21643 30628 300 1.3000 389.3000
S0769 -18.5000 4.8000 36265 57754 300 1.6000 173.5000
S0471 -18.1000 4.7000 37106 45533 300 0.6000 172.5000
S0951 -18.1000 4.2000 49101 60610 300 2.6000 378.0000
S0444 -17.2000 5.0000 50555 64800 300 1.1000 103.0000
S0399 -16.8000 3.6000 38577 59912 300 0.8000 201.6000
S0260 -16.0000 6.5000 22507 43856 300 2.2000 174.8000
S0842 -2.2000 3.0000 42694 60457 300 2.6000 372.0000
