S0364 -10.7000 11.4000 44740 63472 300 2.1000 397.2000
S0880 -8.1000 15.3000 22854 44069 300 2.2000 170.8000
S1009 -10.1000 12.3000 27009 42679 300 2.2000 268.4000
S0812 1.0000 -3.7000 56623 64800 300 2.2000 366.1000
S0192 -9.1000 13.8000 27158 40920 300 1.0000 332.3000
S0687 -8.4000 13.7000 35572 44952 300 1.0000 70.9000
S0961 -9.7000 13.7000 44477 58455 300 2.0000 338.7000
S1049 -9.6000 13.8000 44225 59792 300 1.1000 184.1000
S0986 -10.4000 13.8000 30721 38260 300 1.4000 395.8000
S0066 -9.5000 13.5000 45151 55179 300 1.3000 275.5000
