S0741 -2.5000 18.9000 22786 43108 300 0.6000 59.0000
S0006 -3.6000 16.5000 48684 64732 300 0.6000 147.5000
S0269 -2.4000 13.2000 23614 40624 300 0.8000 311.3000
S0545 -1.1000 17.8000 31398 44764 300 0.9000 65.3000
S0564 3.7000 14.1000 48922 61663 300 1.3000 179.4000
S0737 -2.7000 18.1000 31862 50259 300 1.8000 118.7000
S0794 -1.0000 17.2000 39299 53167 300 1.8000 224.7000
S0346 0.4000 14.8000 45715 60754 300 2.8000 80.1000
S0973 -0.3000 18.4000 48621 59609 300 2.6000 232.6000
S1030 -4.4000 17.6000 27489 46627 300 2.7000 98.0000
