S0085 12.5000 -10.1000 25315 35661 300 0.5000 129.2000
S0565 15.6000 -14.4000 25728 39016 300 0.5000 189.1000
S0271 13.9000 -9.6000 45007 63755 300 0.6000 204.6000
S0300 12.5000 -9.8000 53901 64126 300 0.6000 205.6000
S0570 12.5000 -12.4000 48038 64800 300 2.0000 113.6000
S0860 11.5000 -13.2000 40390 52573 300 2.0000 236.7000
S0940 14.0000 -10.9000 51901 64800 300 0.8000 361.9000
S0938 11.7000 -9.4000 46537 62371 300 0.9000 81.1000
S1017 14.0000 -7.3000 34666 47547 300 1.7000 241.4000
S0164 12.9000 -14.3000 22609 35612 300 1.6000 381.9000
S0187 12.3000 -13.2000 23683 37934 300 1.1000 201.8000
S0571 12.8000 -9.9000 36735 51752 300 1.0000 233.4000
S0863 13.0000 -6.0000 34117 43908 300 2.5000 121.8000
