S0665 19.1000 -13.1000 51943 64800 300 1.0000 349.7000
S0232 16.9000 -13.5000 42620 56431 300 0.7000 104.7000
S0629 16.9000 -11.8000 33807 52890 300 0.6000 103.8000
S0892 15.2000 -11.7000 57245 64800 300 1.1000 394.0000
S0777 19.1000 -14.4000 33909 54406 300 2.2000 167.1000
S0320 16.9000 -13.1000 52618 59849 300 1.2000 351.4000
S0084 15.4000 -13.5000 45579 64646 300 1.3000 311.4000
S0632 19.5000 -13.6000 41669 53208 300 2.6000 97.4000
S0206 16.5000 -14.1000 37138 53010 300 2.6000 388.4000
S0461 15.7000 -13.6000 30017 40188 300 1.7000 192.7000
S0398 0.2000 -2.1000 26017 43062 300 1.7000 248.8000
