S0030 12.4000 9.0000 47234 54752 300 0.5000 392.6000
S0868 10.1000 11.5000 56297 64800 300 0.6000 151.8000
S0881 10.4000 8.8000 54234 64800 300 0.9000 293.8000
S0107 9.1000 13.0000 21770 41404 300 1.3000 200.1000
S0395 11.8000 10.4000 31338 49288 300 2.5000 210.9000
S1039 12.1000 8.6000 47754 61724 300 2.5000 282.3000
S0833 8.5000 9.6000 44793 61136 300 3.0000 148.5000
S0253 13.7000 8.6000 36899 49450 300 1.1000 297.4000
S0893 11.5000 6.8000 36585 47429 300 1.9000 335.8000
S0294 12.6000 9.8000 55616 64800 300 1.6000 63.9000
