S0036 -19.5000 17.4000 22234 35684 300 0.6000 125.0000
S0874 -17.4000 18.1000 33257 48919 300 0.6000 295.4000
S0201 -16.2000 15.1000 28085 36483 300 0.6000 335.3000
S0877 -19.7000 17.9000 54138 64800 300 0.7000 87.9000
S0970 -16.0000 16.0000 55240 64800 300 1.8000 108.4000
S0393 -17.4000 17.4000 49754 60322 300 2.2000 391.8000
S1005 -17.2000 15.2000 57596 64800 300 2.2000 293.1000
S0748 -16.6000 14.6000 24365 37994 300 2.0000 106.8000
S0759 -18.0000 17.6000 38666 55289 300 1.2000 335.1000
S0168 -17.4000 17.4000 33007 45916 300 1.1000 101.6000
S0234 -19.0000 18.7000 33292 54504 300 2.6000 340.5000
