S0312 -1.7000 19.4000 42082 61986 300 0.7000 186.3000
S0723 1.5000 18.2000 33805 52496 300 1.1000 344.4000
S0411 1.8000 19.0000 34377 41750 300 0.8000 389.8000
S0476 -0.0000 19.0000 33275 42841 300 0.9000 229.0000
S1010 -0.0000 17.1000 30908 50065 300 0.9000 139.6000
S0172 3.7000 19.8000 56970 64800 300 2.6000 321.4000
S0304 1.7000 19.7000 43172 58154 300 3.0000 248.9000
S0365 -0.3000 19.5000 50467 64487 300 2.9000 56.4000
S0818 -1.4000 19.9000 41694 62702 300 1.5000 390.3000
S0994 1.8000 19.9000 43646 56172 300 1.6000 160.5000
