S0787 -1.1000 8.7000 22876 37717 300 0.6000 140.5000
S0845 0.3000 7.9000 22311 38584 300 0.6000 181.5000
S0132 -0.3000 7.6000 43466 59491 300 0.7000 82.6000
S0625 -1.7000 8.0000 22722 31913 300 2.1000 205.0000
S0003 0.5000 7.5000 52487 63296 300 2.0000 306.4000
S0443 -2.3000 8.6000 50627 64800 300 1.0000 135.8000
S0147 -0.2000 7.2000 44480 55679 300 0.9000 57.6000
S0289 0.9000 7.7000 27636 47630 300 2.5000 159.1000
S0235 -2.0000 9.0000 45022 54894 300 1.4000 333.9000
S0025 0.5000 8.1000 47139 59193 300 1.5000 137.8000
S0686 1.2000 9.0000 54796 62821 300 2.7000 118.3000
