S0636 4.4000 2.0000 48686 64800 300 0.9000 126.2000
S0720 4.8000 1.9000 30325 50500 300 1.3000 127.1000
S0647 5.7000 2.2000 38790 53164 300 1.1000 140.4000
S0292 7.0000 5.9000 21738 34351 300 2.2000 145.9000
S1015 5.5000 0.9000 40289 60631 300 1.5000 288.9000
S0052 6.2000 1.4000 52831 64800 300 1.5000 367.2000
S0943 3.9000 0.4000 49951 64800 300 1.7000 363.6000
S0588 5.6000 1.5000 50776 64800 300 1.6000 360.7000
S0991 7.0000 1.5000 27002 43462 300 1.4000 317.8000
S0109 6.1000 4.6000 50468 59803 300 2.7000 386.8000
