S0448 5.9000 17.6000 39712 54101 300 0.6000 375.2000
S0662 2.5000 17.6000 37438 50952 300 1.1000 246.9000
S0583 4.7000 16.7000 23300 34308 300 1.1000 361.3000
S0327 4.3000 17.6000 26630 47834 300 2.5000 209.8000
S0110 3.9000 17.4000 47496 64800 300 1.3000 177.0000
S0688 4.9000 15.3000 47534 64800 300 1.9000 105.2000
S0595 6.1000 17.1000 51469 60530 300 1.2000 150.3000
S0562 4.2000 16.6000 50673 64800 300 1.2000 113.1000
S0548 3.3000 16.5000 41731 53675 300 2.4000 270.6000
S0367 5.0000 16.7000 46219 64800 300 2.7000 296.3000
