S0498 9.0000 16.7000 30911 40543 300 0.6000 391.1000
S0955 7.8000 19.3000 41021 57758 300 2.0000 78.8000
S0608 8.1000 17.2000 37771 57599 300 0.8000 295.0000
S0602 7.2000 17.8000 57305 64800 300 2.1000 157.6000
S0611 8.1000 16.4000 28567 45162 300 2.1000 333.6000
S0971 8.5000 19.2000 22888 43488 300 1.7000 341.9000
S0959 5.0000 15.6000 41863 49836 300 1.6000 342.8000
S0011 7.4000 18.1000 25649 33542 300 1.4000 381.6000
S0950 7.9000 16.3000 42213 54926 300 1.3000 332.0000
S0160 8.4000 19.5000 41823 60501 300 1.1000 81.0000
S0693 7.1000 16.4000 46233 61738 300 1.1000 167.7000
