S0229 -6.1000 -1.7000 42784 50314 300 0.5000 106.7000
S0651 -9.7000 0.4000 56213 64800 300 0.6000 208.3000
S0275 -9.3000 0.1000 51202 59180 300 0.6000 351.8000
S0034 -6.6000 -1.9000 42368 53385 300 2.2000 258.3000
S0024 -9.5000 -1.9000 45881 64800 300 1.1000 277.3000
S0872 -4.7000 -1.5000 33228 51363 300 2.1000 375.4000
S0236 -9.4000 -2.3000 49839 63348 300 1.0000 96.8000
S0683 -9.8000 -1.0000 35338 54261 300 0.9000 270.1000
S0742 -4.7000 -1.0000 29811 44880 300 1.4000 240.0000
S0530 -6.4000 2.8000 29114 49333 300 1.3000 307.1000
S1027 -8.3000 -1.9000 48331 64800 300 1.9000 59.2000
S0280 -6.9000 -0.7000 27506 46260 300 2.4000 212.5000
