S0563 -6.3000 -18.6000 51101 62451 300 0.6000 124.1000
S0020 -4.4000 -17.9000 41914 56655 300 0.6000 260.7000
S0967 -5.6000 -17.5000 51160 64800 300 0.7000 96.2000
S0244 -5.1000 -17.5000 35809 52013 300 0.9000 244.5000
S0118 -5.3000 -18.8000 37756 54098 300 3.0000 246.5000
S0015 -4.3000 -18.7000 33057 44134 300 1.8000 312.4000
S0018 -4.7000 -16.8000 37595 50280 300 2.3000 86.1000
S0334 -6.0000 -17.8000 56241 64800 300 1.4000 138.2000
S0885 -6.0000 -18.9000 50948 64800 300 1.0000 356.9000
S0858 -3.2000 -16.8000 50215 63311 300 1.0000 185.6000
S0362 -2.4000 -19.4000 40628 54316 300 2.5000 108.5000
