S0637 -15.2000 7.0000 27549 46393 300 0.8000 265.7000
S0356 -13.7000 8.4000 50124 59252 300 1.7000 191.0000
S0749 -13.2000 8.5000 44073 61996 300 2.4000 372.1000
S0112 -14.0000 6.3000 47345 61482 300 3.0000 184.8000
S0381 -13.3000 7.7000 41593 51325 300 1.7000 272.1000
S0574 -12.4000 8.8000 47955 62282 300 2.8000 109.7000
S0116 -13.7000 5.9000 42045 52356 300 0.6000 58.8000
S0931 -13.0000 7.4000 54796 64800 300 1.1000 94.1000
S0517 -12.6000 6.3000 40955 55473 300 1.0000 380.9000
S0153 -1.4000 -0.8000 22048 40346 300 2.7000 248.4000
