S0754 -8.1000 -18.5000 57258 64800 300 0.6000 63.1000
S0211 -10.5000 -17.0000 32663 52382 300 1.8000 51.0000
S0330 -11.3000 -19.6000 28820 48411 300 1.7000 218.4000
S1022 -11.2000 -18.1000 56764 64800 300 1.6000 109.6000
S0865 -9.8000 -18.9000 50229 64800 300 1.9000 86.7000
S0889 -10.3000 -18.5000 50908 62390 300 1.9000 223.0000
S0392 -9.5000 -16.6000 38092 49550 300 1.3000 337.9000
S0896 -10.3000 -16.2000 32440 53707 300 0.9000 395.3000
S0836 -11.5000 -18.7000 52059 64800 300 1.4000 172.6000
S0734 -9.8000 -18.6000 29541 49647 300 2.6000 83.2000
