S0544 -9.7000 -10.7000 34119 53253 300 0.5000 327.5000
S0086 -9.6000 -11.8000 48638 64800 300 0.7000 325.0000
S0451 -8.7000 -10.9000 56209 64800 300 0.7000 183.0000
S0302 -10.0000 -9.9000 23301 30622 300 2.2000 184.3000
S0195 -7.1000 -11.5000 23806 41012 300 1.1000 117.0000
S0282 -9.6000 -4.1000 48787 64800 300 1.1000 201.6000
S0851 -8.9000 -10.2000 23040 37514 300 2.1000 64.6000
S0099 -8.7000 -10.1000 32544 53354 300 1.0000 393.6000
S0782 -10.0000 -11.7000 37772 53739 300 1.8000 114.8000
S0460 -9.0000 -12.2000 38264 52207 300 1.9000 186.9000
S0580 -8.5000 -9.7000 38378 51579 300 2.9000 93.0000
