S0594 3.3000 -2.1000 32804 48418 300 0.5000 304.7000
S0677 -2.7000 -2.4000 49850 62069 300 0.6000 331.9000
S0058 -3.7000 -6.6000 49700 64800 300 2.9000 148.2000
S0175 0.3000 -5.7000 38293 52625 300 2.9000 284.4000
S0040 -0.0000 -4.6000 35728 46446 300 1.5000 265.2000
S0210 3.5000 0.7000 38815 51276 300 0.8000 339.1000
S0191 -3.2000 -3.8000 46768 64800 300 0.8000 386.8000
S0279 1.3000 -4.6000 49812 64800 300 1.0000 319.9000
S0225 -0.7000 -3.7000 45839 64800 300 1.2000 215.3000
S0140 -0.6000 -4.5000 33652 48745 300 1.2000 142.4000
S0888 -1.8000 -5.0000 26656 36852 300 0.7000 272.1000
S0021 -0.3000 -5.8000 52199 62643 300 1.4000 371.2000
