S0252 -19.6000 -2.4000 41190 55320 300 0.6000 178.7000
S0378 -19.3000 0.9000 55497 64800 300 0.7000 135.8000
S0326 -16.8000 0.7000 54946 64800 300 0.7000 185.7000
S0601 -19.0000 -2.5000 35582 49165 300 2.0000 176.2000
S0243 -18.3000 1.0000 53878 64800 300 2.0000 248.4000
S0014 -18.3000 -0.6000 32264 52221 300 0.8000 289.5000
S0969 -19.8000 1.0000 24780 45227 300 2.8000 398.7000
S0875 -17.2000 0.4000 41584 57866 300 2.8000 371.8000
S0114 -17.9000 -1.3000 21678 43032 300 1.9000 231.3000
S0438 -18.4000 -0.6000 21727 37104 300 1.6000 243.9000
