S0712 -14.1000 -15.5000 43460 54840 300 0.9000 397.4000
S0861 -19.0000 -10.4000 42538 54868 300 0.8000 251.0000
S0577 -14.3000 -11.3000 51942 62036 300 0.7000 353.8000
S0604 -14.2000 -13.6000 31239 51625 300 1.2000 308.7000
S1047 -13.2000 -13.5000 38333 55676 300 1.3000 160.6000
S0790 -13.7000 -14.6000 32896 43895 300 1.0000 357.5000
S0627 -14.4000 -14.1000 35817 47731 300 0.5000 395.4000
S0652 -12.9000 -14.6000 47372 59468 300 0.5000 107.9000
S0546 -15.1000 -13.6000 35264 55876 300 2.1000 383.3000
S0454 -12.4000 -13.9000 47471 59862 300 1.7000 348.7000
S1044 -13.5000 -15.3000 51274 60162 300 2.2000 214.6000
S0161 -16.8000 -14.3000 55606 64800 300 2.4000 277.7000
