S0290 -7.0000 15.6000 50316 63871 300 2.0000 308.8000
S0664 -4.8000 16.6000 26005 40289 300 1.0000 150.9000
S1020 -2.0000 16.4000 45384 64800 300 1.0000 207.4000
S0925 -5.9000 15.8000 41878 60821 300 1.0000 254.0000
S0310 -5.4000 13.4000 42915 50207 300 1.8000 271.6000
S0988 -5.1000 14.8000 51160 59681 300 1.1000 213.1000
S1045 -3.9000 12.6000 42081 50875 300 2.9000 393.6000
S1016 -5.3000 16.0000 56865 64800 300 1.9000 215.3000
S0676 -5.9000 12.6000 41186 62003 300 1.5000 183.8000
S0273 -5.9000 14.7000 53347 64800 300 1.7000 180.3000
