S0975 -9.1000 -5.7000 25001 35231 300 0.7000 370.8000
S0771 -7.9000 -5.8000 28630 42779 300 0.7000 166.1000
S0408 -9.0000 -4.9000 32433 44263 300 2.2000 69.7000
S0775 -11.0000 -3.0000 47833 62601 300 1.1000 282.0000
S0427 -10.2000 -3.0000 48950 57705 300 0.8000 86.7000
S0257 -7.5000 -5.2000 24976 41260 300 0.8000 84.2000
S0113 -7.9000 -2.5000 30474 44841 300 1.3000 399.0000
S0856 -3.9000 -4.5000 44058 59159 300 2.9000 394.6000
S0002 -8.7000 -5.9000 32141 53692 300 2.3000 123.1000
S0635 -6.1000 -3.3000 24347 37734 300 1.5000 377.1000
S0205 -10.1000 -3.6000 51158 64800 300 1.7000 315.2000
