S0949 -3.5000 2.2000 54560 64800 300 0.7000 269.9000
S0895 -1.7000 3.7000 26236 44667 300 2.1000 177.2000
S0343 3.9000 2.3000 27258 36447 300 1.0000 352.6000
S0473 -3.5000 6.2000 42483 58459 300 0.8000 66.2000
S0208 -2.0000 5.0000 45065 61326 300 0.8000 197.1000
S0661 -1.2000 6.0000 31200 49962 300 0.9000 191.6000
S0417 2.0000 6.5000 55460 64800 300 2.5000 94.7000
S0303 2.6000 2.1000 34122 42497 300 1.1000 333.0000
S0709 2.4000 4.1000 55186 64800 300 1.1000 257.3000
S0176 1.2000 5.8000 53764 63629 300 1.9000 260.7000
S0817 0.3000 3.0000 22361 42004 300 1.5000 61.4000
S0497 3.1000 2.0000 39281 51559 300 1.5000 317.2000
