S0682 4.2000 9.6000 41481 50522 300 0.5000 151.9000
S0256 1.2000 9.9000 53900 64800 300 2.0000 97.7000
S0806 0.7000 12.7000 23964 32816 300 2.0000 64.5000
S0457 -0.3000 9.3000 55338 64800 300 2.0000 204.4000
S0506 4.6000 10.5000 49644 64800 300 0.9000 341.6000
S0952 0.4000 11.9000 26908 47709 300 1.1000 298.5000
S0911 2.0000 10.7000 30894 47891 300 1.9000 223.6000
S1035 0.7000 12.4000 55645 64800 300 1.4000 173.9000
S0603 0.7000 8.9000 50114 64800 300 1.4000 317.9000
S0869 1.4000 13.1000 51975 64800 300 2.7000 133.4000
