S0029 -6.8000 0.2000 33809 46798 300 0.7000 350.0000
S0480 -5.6000 0.7000 26123 39216 300 0.7000 373.4000
S0504 -5.8000 -0.9000 33802 55347 300 2.2000 249.7000
S0998 -4.8000 2.5000 26043 43899 300 2.0000 68.6000
S0997 -6.9000 0.0000 29599 43897 300 1.0000 103.2000
S1051 -5.9000 -0.5000 28415 42351 300 1.0000 125.5000
S0555 -5.4000 2.4000 30103 45233 300 1.4000 174.4000
S0467 -3.0000 2.9000 55166 64800 300 1.4000 375.8000
S0351 -3.5000 3.2000 48195 63219 300 1.3000 217.4000
S0887 -5.2000 4.6000 38845 46235 300 1.9000 167.1000
S0937 -5.4000 1.5000 44924 60625 300 2.4000 318.3000
