S0708 20.0000 1.0000 45218 61258 300 1.4000 272.4000
S0284 19.7000 -0.2000 43089 53238 300 1.4000 137.6000
S0752 19.5000 -0.4000 49646 58283 300 2.4000 298.8000
S0850 19.2000 1.5000 46546 63838 300 0.7000 263.9000
S0597 19.2000 0.2000 52260 62105 300 2.3000 272.8000
S0070 18.9000 1.1000 27439 36292 300 1.5000 324.1000
S0382 18.4000 0.1000 38880 57984 300 0.9000 270.3000
S0954 18.3000 2.3000 43132 63098 300 0.9000 112.1000
S0159 18.3000 2.1000 52225 64800 300 2.7000 286.4000
S0983 18.0000 -0.1000 29287 47119 300 1.0000 65.7000
S0492 0.9000 0.0000 57082 64800 300 3.0000 190.0000
