S0462 -18.6000 -4.1000 57106 64800 300 0.6000 313.1000
S0366 -18.1000 -9.2000 47749 64800 300 0.7000 304.2000
S0196 -14.9000 -7.1000 41838 52950 300 0.7000 172.0000
S0615 -17.5000 -9.0000 55853 64800 300 1.0000 162.4000
S0791 -17.6000 -6.0000 34397 49728 300 1.0000 201.2000
S0607 -18.3000 -7.0000 54192 64800 300 0.9000 258.9000
S0163 -20.0000 -6.0000 23671 33197 300 1.3000 100.7000
S0671 -20.0000 -5.0000 40054 57585 300 1.3000 50.4000
S0299 -18.4000 -5.1000 25767 43997 300 2.5000 153.1000
S0680 -19.4000 -7.3000 52097 64800 300 1.9000 236.6000
S0835 -18.2000 -8.7000 22772 38620 300 1.7000 376.1000
S0023 -19.4000 -9.2000 43948 60842 300 2.3000 122.8000
