S0713 -11.5000 -11.7000 32167 52376 300 0.5000 115.8000
S0495 -13.6000 -11.1000 33371 49529 300 0.7000 338.2000
S0772 -12.1000 -9.5000 42242 50523 300 0.7000 364.5000
S0213 -13.0000 -11.2000 57552 64800 300 0.8000 83.3000
S0556 -12.0000 -11.9000 54714 64800 300 2.1000 144.1000
S0731 -12.7000 -10.6000 30692 38343 300 2.6000 92.7000
S0265 -14.4000 -8.3000 49887 58488 300 1.3000 294.2000
S0125 -13.2000 -11.3000 49950 64800 300 1.8000 183.7000
S0999 -12.7000 -11.4000 30510 48392 300 1.8000 218.1000
S0552 -13.1000 -10.8000 55993 64800 300 1.8000 55.3000
S0270 -15.1000 -11.7000 43713 53745 300 1.9000 237.2000
