S0143 19.7000 6.1000 25119 42987 300 0.6000 319.3000
S0068 19.6000 4.3000 28542 48183 300 1.3000 385.2000
S0347 19.1000 5.6000 54325 64800 300 0.7000 251.8000
S0528 18.9000 5.6000 23165 38636 300 0.9000 205.3000
S0380 17.3000 7.5000 47302 63767 300 1.3000 225.0000
S0596 18.2000 4.5000 37735 51991 300 2.3000 220.3000
S0501 18.8000 4.1000 38223 54326 300 2.1000 277.4000
S0488 20.0000 4.0000 55938 64800 300 1.7000 390.4000
S0761 19.4000 3.3000 56991 64800 300 2.7000 287.6000
S0490 18.8000 3.6000 48990 62093 300 1.6000 392.7000
S0710 2.4000 0.3000 30318 47652 300 1.6000 161.1000
