S0982 10.1000 19.8000 57046 64800 300 0.7000 148.9000
S0962 11.7000 18.5000 40320 56659 300 0.7000 117.8000
S0033 11.3000 18.3000 37162 56593 300 0.8000 169.5000
S0799 9.9000 18.8000 46001 64800 300 0.9000 390.1000
S0412 10.9000 17.1000 30218 43675 300 0.5000 358.5000
S0224 12.9000 19.9000 36752 50118 300 2.2000 197.8000
S0921 10.8000 19.2000 30822 46475 300 2.2000 130.8000
S0329 11.5000 19.7000 50262 64800 300 2.0000 196.7000
S0056 11.8000 19.6000 39321 46881 300 1.9000 331.8000
S0390 9.3000 19.7000 28617 43781 300 1.7000 179.5000
S0174 3.0000 1.5000 22119 40351 300 1.7000 96.2000
S0643 13.7000 19.5000 49782 64800 300 1.3000 356.4000
