S0060 8.9000 11.1000 23788 39837 300 0.6000 83.6000
S0169 6.5000 10.5000 56880 64800 300 0.7000 300.0000
S0465 4.9000 12.5000 40844 51746 300 1.3000 108.5000
S0119 2.4000 11.4000 33882 54357 300 1.8000 279.1000
S0432 7.2000 12.0000 25861 44610 300 2.8000 359.5000
S0797 7.4000 11.2000 56027 64800 300 1.7000 127.7000
S0553 6.9000 10.5000 24549 36924 300 1.6000 132.5000
S1046 7.8000 13.2000 40490 49032 300 1.4000 247.3000
S0148 6.2000 11.9000 51669 59684 300 1.4000 293.6000
S0286 7.0000 11.1000 52604 62604 300 2.6000 151.8000
