S0115 15.6000 19.9000 28297 48214 300 0.7000 200.8000
S0486 17.2000 20.0000 38259 56276 300 2.2000 300.7000
S0250 16.6000 16.3000 48809 63471 300 2.6000 353.0000
S0839 16.0000 17.0000 21802 37310 300 1.4000 264.0000
S0987 15.3000 17.3000 36222 55312 300 1.3000 159.8000
S0097 14.9000 17.6000 37610 58338 300 1.3000 211.5000
S0433 14.3000 18.0000 51707 64800 300 1.9000 123.7000
S0402 15.9000 15.1000 35895 56928 300 1.9000 248.0000
S0035 14.4000 17.7000 34653 46037 300 1.2000 112.2000
S0489 13.8000 17.2000 55634 64800 300 1.5000 380.2000
