S0668 13.4000 -2.0000 32546 46459 300 0.6000 74.8000
S0512 12.1000 -1.3000 28088 40342 300 0.8000 232.0000
S1002 10.6000 -1.6000 38075 51400 300 1.8000 192.7000
S0102 11.8000 0.1000 34257 41468 300 1.8000 268.4000
S0117 12.4000 -0.2000 40380 53490 300 1.5000 137.7000
S0360 11.2000 -1.3000 53486 64800 300 1.9000 353.1000
S0379 13.0000 -1.6000 47685 64800 300 1.2000 269.3000
S0584 11.1000 -1.2000 37780 45330 300 1.1000 57.9000
S0345 13.9000 -0.3000 56057 64800 300 2.3000 399.3000
S0968 13.6000 -1.0000 56298 64800 300 2.7000 218.3000
