S0689 17.2000 13.4000 43549 61624 300 0.7000 158.7000
S0521 19.8000 12.2000 28358 40455 300 0.9000 353.1000
S0641 19.5000 15.1000 48816 60749 300 1.4000 81.6000
S0678 18.3000 15.6000 41322 60038 300 1.4000 270.3000
S0374 17.0000 12.9000 22321 33341 300 1.3000 139.3000
S0472 18.1000 14.2000 52957 64491 300 1.9000 305.3000
S0776 17.5000 10.4000 54121 64800 300 1.2000 159.4000
S0394 18.1000 11.5000 31720 49315 300 2.8000 306.7000
S0188 19.8000 13.1000 55482 64800 300 1.7000 254.5000
S0237 16.9000 14.4000 46395 64723 300 2.7000 398.9000
