S0295 18.5000 -19.8000 34519 54990 300 0.7000 64.4000
S0287 17.4000 -16.4000 45907 64800 300 0.7000 307.0000
S0633 16.2000 -19.7000 29845 39134 300 1.1000 268.3000
S0455 19.0000 -19.0000 29100 37729 300 2.9000 228.2000
S0646 17.6000 -19.9000 36870 56566 300 1.5000 128.9000
S0240 15.9000 -19.8000 50464 64800 300 1.5000 309.7000
S0941 19.0000 -16.7000 28317 41601 300 2.3000 332.1000
S0431 19.8000 -17.8000 44273 56013 300 2.4000 362.1000
S0332 19.7000 -16.6000 37434 55711 300 1.4000 181.4000
S0247 16.4000 -16.4000 26739 38027 300 1.4000 95.0000
