S0808 -0.1000 -15.8000 31370 52138 300 2.9000 67.0000
S0871 -0.7000 -18.3000 36283 47266 300 0.8000 322.5000
S0536 1.4000 -17.3000 32114 40598 300 0.9000 239.3000
S0037 -0.9000 -18.7000 25930 47136 300 1.2000 334.0000
S0807 -1.1000 -18.3000 57129 64800 300 0.5000 204.3000
S1032 1.4000 -18.6000 51537 64800 300 0.6000 128.6000
S0984 -0.1000 -19.7000 33842 42184 300 1.8000 389.1000
S0566 -0.5000 -16.0000 29118 47102 300 1.8000 65.2000
S0945 -0.3000 -20.0000 50344 61325 300 2.6000 55.5000
S0696 0.3000 -17.2000 31295 49988 300 2.2000 268.3000
