//ID    X        Y        EarlyStart(s)    LateStart(s)    Svc(s)    Vol(m3) Wgt(kg)
// Source: 1051_stop.txt | Clusters: 114
//----------------------------------------------------------

// === Cluster 1 (15 stops, vol=16.0m3, center=(-0.09,9.67)) ===
S0370         3.4      7.9        37539        57071      300      0.9    355.9
S0571        -0.5     11.7        53761        64800      300      0.8    230.0
S1005        -1.0     10.4        33780        47834      300      0.8    338.7
S0362         0.3     12.5        32870        53257      300      1.0     54.5
S0722         1.4     12.1        55538        64800      300      1.1    295.8
S0598         1.0     11.1        40022        60537      300      1.2    170.0
S0648         1.0      5.9        56486        64800      300      1.2     85.7
S0434        -1.1     11.1        36610        58171      300      1.6    314.2
S0254        -1.5     10.2        51374        60216      300      2.2    132.8
S0805         0.3      9.4        26231        45855      300      0.5    281.5
S0184        -1.5     11.0        46752        62932      300      0.6    255.5
S0994        -1.6     10.3        49638        64800      300      0.6    310.0
S0655        -1.7     10.2        56943        64800      300      0.7    339.5
S0167        -1.4      6.4        41867        54000      300      1.3    115.6
S0460         1.6      4.9        46514        55079      300      1.5     63.1

// === Cluster 2 (13 stops, vol=15.9m3, center=(18.17,8.97)) ===
S0382        18.7      7.9        48761        64800      300      0.9    234.5
S0261        16.0      8.2        26846        45692      300      0.9    127.6
S1035        19.0     10.1        27029        40438      300      1.1     75.6
S0346        18.2     10.5        30415        49641      300      0.6    282.2
S0232        18.5     10.3        37493        51730      300      0.7    239.0
S0840        17.5     10.1        54647        64800      300      0.7     63.9
S0662        17.7      9.1        33056        53649      300      0.7    337.6
S0208        17.0      9.9        47508        62064      300      1.9    192.2
S0556        19.7      6.8        28497        40926      300      1.7    265.0
S0835        17.1     10.3        48907        56936      300      1.7    152.4
S0584        19.5      7.6        55223        64800      300      2.1    227.8
S0010        18.7      5.6        23675        33803      300      1.3    375.6
S0717        18.6     10.2        33580        50546      300      1.6     75.3

// === Cluster 3 (13 stops, vol=17.8m3, center=(-14.05,-8.57)) ===
S0363       -16.5    -11.7        29377        41639      300      0.5    146.6
S0709       -17.7     -7.5        55435        64800      300      1.6     94.0
S0827       -14.3    -12.1        23134        42803      300      1.2    388.8
S0845       -16.0     -9.5        48366        61676      300      0.6     67.8
S0274       -16.4     -8.6        56390        64800      300      1.1    291.0
S0941       -16.2     -8.2        22213        33151      300      1.6    205.1
S0402       -13.9    -11.1        25489        39024      300      1.0    385.7
S0730       -14.5    -10.2        25676        33319      300      1.7    175.6
S0289       -14.6     -9.0        51229        60506      300      2.0    368.3
S0881       -15.5     -7.4        48756        60702      300      0.8    244.1
S0962       -14.1     -8.3        48181        64800      300      1.1    389.4
S0702       -14.4     -7.7        23153        34474      300      1.6    127.1
S0470         1.4     -0.1        51273        64800      300      3.0    350.4

// === Cluster 4 (13 stops, vol=15.6m3, center=(19.08,-17.49)) ===
S0902        18.8    -19.6        45888        64800      300      0.8    243.8
S0213        19.5    -17.5        26902        36183      300      0.8    350.6
S0512        19.2    -17.8        38205        53006      300      0.5    241.8
S0273        19.0    -16.0        36497        54594      300      0.5    340.4
S0324        19.8    -18.6        23249        42616      300      0.7    326.8
S0504        18.7    -18.9        27193        45365      300      1.4    360.9
S0325        19.1    -16.2        34005        48475      300      1.4     83.5
S0246        19.6    -15.5        51543        64800      300      1.6    368.0
S0597        18.8    -17.8        30420        42989      300      1.7    364.5
S0067        18.2    -17.0        42417        59441      300      2.1     98.3
S0828        20.0    -14.0        52493        64800      300      1.5    361.3
S0262        19.9    -19.4        38938        53945      300      1.3    289.8
S0880        17.5    -19.1        52463        64800      300      1.3     55.9

// === Cluster 5 (13 stops, vol=16.0m3, center=(3.32,-1.53)) ===
S0645         4.2     -4.3        47097        61590      300      2.7    235.8
S1049         4.4     -1.3        34638        44318      300      0.9    292.5
S0752         3.6     -1.3        32553        45997      300      0.8    281.1
S0191         2.5     -1.6        50937        58891      300      0.8    287.6
S0085         4.7     -3.7        34021        42909      300      1.0    318.5
S0761         2.8     -0.5        54354        64800      300      1.0    257.5
S0712         2.4     -2.0        33622        43956      300      2.6    378.1
S0958         5.0     -2.0        24983        37975      300      0.6    226.4
S0040         2.6      0.4        56946        64800      300      0.6    344.7
S0367         3.5     -2.9        32648        43593      300      0.7    395.4
S0695         5.3     -3.2        54380        64800      300      0.7    101.8
S0183        -1.5      1.6        51428        59356      300      1.5    366.8
S0348         3.7      0.9        28994        42251      300      2.1     66.3

// === Cluster 6 (12 stops, vol=15.8m3, center=(5.77,6.94)) ===
S0124         4.0      8.1        21802        34600      300      2.9     91.3
S0408         2.1      0.3        55744        64800      300      0.9    192.4
S0514         5.1      9.2        55025        64800      300      1.0    388.1
S0064         6.9      6.4        25271        45361      300      2.3    338.0
S0516         8.2      8.3        41034        59596      300      0.6    159.5
S0203         8.9      9.1        41770        51509      300      0.7    153.9
S0846         5.9      4.6        52135        63027      300      0.7    206.8
S0150         5.0     10.0        44567        62378      300      0.7    349.1
S0225         5.0      6.9        23082        37497      300      1.8    388.9
S0187         7.2      7.7        46108        56270      300      1.2    388.8
S1036         4.3      8.4        52026        64800      300      1.6    352.3
S0256         6.6      4.3        35104        51457      300      1.4    131.2

// === Cluster 7 (12 stops, vol=17.3m3, center=(16.58,16.47)) ===
S0558        19.8     19.4        28669        37743      300      0.7    304.4
S0946        19.3     19.6        34373        54707      300      1.0    371.4
S0977        19.8     18.4        32213        40765      300      2.2    275.8
S0637        18.6     17.3        43369        53750      300      1.1    247.3
S0588        17.6     18.0        24452        40732      300      1.2    392.5
S0053        18.2     17.1        25209        45359      300      1.1     79.2
S0483        17.8     17.4        32197        40900      300      0.7    107.5
S0317        19.2     15.7        43139        59224      300      2.9     64.2
S0188        16.2     18.5        36653        54111      300      2.6    319.6
S0001        14.9     19.0        47085        55527      300      0.6    241.1
S0834        15.9     17.5        25029        46407      300      0.7    261.2
S0349         1.7     -0.2        54464        64800      300      2.5    120.3

// === Cluster 8 (12 stops, vol=16.9m3, center=(-16.75,12.16)) ===
S0732       -19.8     13.5        23265        40206      300      0.8    257.1
S0481       -17.9     15.5        57203        64800      300      1.3    377.9
S0199       -17.8     15.1        47308        58020      300      0.8    173.1
S0915       -18.4     13.8        33850        44876      300      0.6    390.4
S0914       -18.8     12.6        46771        59981      300      0.9    139.3
S0704       -18.6     12.8        36977        52226      300      2.1    293.4
S0903       -17.4     13.9        42263        53568      300      1.2    119.3
S0366       -19.5     10.2        49063        64800      300      2.4     87.1
S0315       -17.8     12.8        54604        64800      300      1.1    121.5
S0110         1.1     -1.4        55628        64800      300      2.3    132.1
S0685       -17.6     14.3        22553        39341      300      1.7    340.4
S0800       -18.5     12.8        34808        45181      300      1.7    315.9

// === Cluster 9 (12 stops, vol=16.0m3, center=(-17.88,7.14)) ===
S0333       -19.6      6.6        35635        53003      300      0.9    399.9
S0495       -17.8      7.1        31838        42204      300      1.2    177.3
S0524       -18.1      6.0        39586        54533      300      2.2    304.2
S1040       -19.5      9.2        32453        40301      300      0.5    393.5
S0577       -18.4      7.8        43937        52646      300      0.7    130.9
S0935       -19.5      6.4        31197        42080      300      1.3    189.2
S0281       -18.4      7.7        40036        57460      300      1.3    253.7
S0804       -18.0      6.5        42857        60246      300      1.3    279.8
S0614       -18.0      7.0        43174        59530      300      1.5    127.2
S0522       -17.8      7.5        31724        48241      300      1.7    263.7
S0587       -17.5      7.6        22465        38469      300      1.7     92.7
S0526       -12.0      6.3        21627        40665      300      1.7    242.9

// === Cluster 10 (12 stops, vol=15.5m3, center=(-1.35,-18.92)) ===
S0594        -3.0    -19.3        36690        50338      300      2.9    283.2
S0005        -3.7    -19.8        42801        61367      300      0.8    144.4
S0341        -0.8    -17.9        23193        32525      300      0.8    291.9
S0456        -0.8    -18.1        49978        64800      300      1.0    289.2
S1051         0.8    -19.0        39747        48396      300      1.0    351.3
S0264         0.0    -19.8        28819        39847      300      0.9    365.9
S0511        -0.7    -17.8        23488        31763      300      0.9     75.2
S1022        -2.5    -19.9        30062        46916      300      0.7    170.4
S0253         0.4    -18.6        43481        60512      300      1.2    263.6
S0462        -2.8    -19.4        41090        50690      300      2.1    299.2
S0310        -2.0    -18.6        52732        64800      300      2.1    304.1
S0359        -1.1    -18.8        21854        31673      300      1.1    200.7

// === Cluster 11 (11 stops, vol=15.7m3, center=(17.62,3.45)) ===
S0131        18.2      4.5        43177        51995      300      0.8    337.2
S0175        18.7      6.8        23051        32260      300      0.9     88.6
S0652        17.7      1.7        26645        34216      300      2.2     60.3
S0180        19.5      3.7        32857        49543      300      1.1    305.9
S0123        16.7      3.5        39799        50965      300      1.1    229.2
S0869        18.3      2.7        39788        56990      300      1.5     59.2
S0706        18.0      3.6        25238        44878      300      1.5     87.2
S0079        17.2      3.5        57449        64800      300      1.7    216.1
S0583        17.8      3.7        44234        53740      300      1.9    235.8
S0060        16.2      1.8        48377        56777      300      1.8    394.8
S0954        15.5      2.5        36057        53619      300      1.2    134.6

// === Cluster 12 (11 stops, vol=16.0m3, center=(4.82,-1.97)) ===
S0900         6.1     -0.4        27704        37504      300      0.8     85.7
S0505         5.7     -3.4        52450        64800      300      1.0    367.9
S0725         5.3     -3.1        42253        61143      300      1.0    219.2
S0226        10.0     -4.6        53873        61196      300      2.6    265.2
S0843         2.8     -1.2        25739        37159      300      1.2    243.3
S0551         2.6     -2.0        32627        53562      300      2.4    257.7
S0831         5.1     -2.3        31888        39266      300      0.7    286.6
S0708         3.1     -0.9        25303        46863      300      1.3    306.8
S0894        -0.9      1.1        31865        40241      300      1.3    280.6
S0691        10.3     -1.7        52689        62023      300      2.0    240.3
S0308         2.9     -3.2        33519        52619      300      1.7    196.0

// === Cluster 13 (11 stops, vol=18.1m3, center=(10.57,12.42)) ===
S1048        13.9     13.8        38961        54214      300      1.6    180.5
S0546        13.2     13.8        31589        44773      300      2.0    196.1
S0651        13.1     13.3        45073        64752      300      0.9    149.3
S0892        12.8     13.6        22085        39651      300      3.0    105.5
S0996        10.8     14.5        36708        50510      300      0.5    184.2
S0409        11.0     14.2        27763        35727      300      2.3    323.9
S0204         9.9     14.9        29684        38448      300      1.0    150.7
S0855        10.7     14.0        57059        64683      300      1.1    130.5
S0116        11.5     12.4        35431        56440      300      1.7    160.2
S0296        10.5     12.8        39265        55690      300      1.0    235.3
S0428        -1.1     -0.7        45039        64800      300      3.0    307.8

// === Cluster 14 (11 stops, vol=17.7m3, center=(7.68,17.00)) ===
S0634         8.9     19.5        56556        64800      300      2.5    342.0
S0316         8.1     19.7        52034        64800      300      2.5    269.0
S0586         7.5     19.4        49592        56885      300      1.5    192.5
S0523         8.5     18.9        26494        38938      300      2.1    272.4
S0616        10.3     17.9        36935        52700      300      1.6     85.9
S0305         9.4     18.0        29744        42102      300      0.6    300.2
S0133         9.2     17.9        33358        50219      300      1.3    322.4
S1027         8.1     18.3        43354        62878      300      1.3    391.4
S0343         7.5     18.3        48257        59537      300      1.2    120.4
S1007         7.5     18.2        36462        53380      300      0.6    317.1
S0416        -0.5      0.9        29905        44886      300      2.5    219.6

// === Cluster 15 (11 stops, vol=17.5m3, center=(0.45,15.92)) ===
S0815         0.5     18.2        28314        37916      300      0.8    307.7
S0169         0.1     18.1        38265        56099      300      0.6    283.7
S0286         0.5     18.0        27443        43102      300      1.1    303.1
S0578         1.2     17.8        34474        48787      300      1.3    159.5
S0748         1.3     17.7        44319        55176      300      1.7    277.1
S0136        -1.3     16.9        35259        52453      300      2.7    247.8
S0373        -0.4     16.9        44522        54332      300      1.0    276.9
S0980         1.6     16.6        22999        30982      300      2.7    386.1
S1000         1.1     16.1        51819        64800      300      1.2    194.5
S0619         0.3     15.6        55388        64800      300      1.6    322.3
S0052        -0.0      3.2        56294        64800      300      2.8    361.6

// === Cluster 16 (11 stops, vol=15.7m3, center=(-2.43,17.36)) ===
S0719        -1.8     18.0        54157        64800      300      2.4    294.9
S0624        -2.6     19.0        43078        58125      300      2.3    112.7
S0307        -4.2     17.7        36284        47201      300      0.5    264.0
S0190        -1.6     17.4        53853        64800      300      0.5    262.9
S0107        -2.5     18.3        43567        62440      300      0.6    126.5
S0347        -3.2     16.4        45099        59620      300      0.6    383.0
S0801         1.1     14.1        36476        52193      300      1.0     75.0
S0375        -1.3     18.0        25254        40517      300      1.9    135.8
S0392        -4.8     17.9        45389        53798      300      2.5    180.2
S0386        -4.0     17.7        28312        36910      300      2.1    324.6
S0608        -1.8     16.5        51187        64800      300      1.3    109.1

// === Cluster 17 (11 stops, vol=17.6m3, center=(-9.42,5.07)) ===
S0174       -11.8      4.7        38094        49980      300      1.4    201.5
S0268       -11.3      5.7        41954        57203      300      2.8    375.5
S0451       -11.4      5.1        36541        50622      300      1.4    109.9
S0383       -10.8      5.7        37147        54719      300      2.2    208.3
S0926        -9.4      6.6        52921        64027      300      0.5    320.3
S0763       -10.0      5.5        27292        46884      300      0.9    152.5
S0477       -10.0      4.7        28390        40657      300      1.3    209.2
S0441        -9.4      5.9        52690        64800      300      2.4    274.7
S0678       -10.3      3.7        43631        61365      300      1.6    108.1
S1037        -7.9      6.3        53946        64800      300      0.6    237.3
S0698        -1.3      1.9        43095        62284      300      2.5    134.6

// === Cluster 18 (11 stops, vol=16.0m3, center=(-10.83,0.59)) ===
S0813       -10.9      1.7        47334        64800      300      0.8     87.4
S1016        -9.7      0.8        21627        34503      300      2.6    162.1
S0365        -7.2     -2.2        41534        53623      300      1.1    398.5
S0499       -13.4      1.2        22366        38296      300      1.8    166.2
S0757       -12.1      1.2        47100        56243      300      1.6    135.8
S0390        -8.2      0.1        45527        54378      300      1.4    179.9
S0048       -13.2      0.5        54623        64800      300      2.2    113.3
S0294       -11.3      0.5        52328        60123      300      0.6    165.0
S0458       -10.7      0.3        26952        40467      300      0.6    224.1
S0419       -11.3      1.2        35432        51760      300      1.3    315.2
S0015       -11.1      1.2        51945        64800      300      2.0    109.7

// === Cluster 19 (11 stops, vol=15.9m3, center=(-14.43,-15.31)) ===
S1024       -15.0    -16.7        57041        64800      300      0.8     79.7
S1032       -13.6    -13.9        42604        59169      300      2.6     81.0
S0890       -13.7    -16.2        33196        43375      300      1.1    109.5
S0858       -14.6    -13.7        38533        53140      300      2.4    122.7
S0205       -13.8    -13.7        52761        64800      300      0.7    352.0
S0260       -15.4    -17.4        41418        58037      300      0.7    320.3
S0271       -15.5    -13.3        24405        39271      300      1.2    303.1
S0984       -11.2    -15.9        53830        62999      300      1.9    372.1
S0696       -13.8    -15.5        31758        51215      300      1.3    319.4
S0743       -16.0    -17.6        32647        50737      300      1.6     87.1
S0334       -16.1    -14.5        43962        64683      300      1.6    294.8

// === Cluster 20 (11 stops, vol=16.0m3, center=(-8.25,-7.55)) ===
S0444        -7.7     -5.4        39418        59134      300      0.9    229.2
S0078        -8.9     -8.0        53744        62511      300      0.8     56.9
S0553        -7.8     -8.5        39294        47485      300      2.9    251.7
S0981       -10.3     -7.3        27701        37087      300      2.3    325.8
S0128        -7.9     -8.2        35588        56436      300      2.3    239.7
S0426        -9.1     -8.7        44430        57996      300      1.1     63.1
S0521        -8.1     -7.3        49287        63367      300      1.1     65.8
S0160        -7.8     -9.1        44823        61427      300      1.2    319.2
S0063        -2.6     -6.0        50737        64800      300      0.6     90.1
S0672       -10.1     -8.7        41876        59753      300      0.7    142.5
S0403       -10.4     -5.9        22831        30242      300      2.1    109.9

// === Cluster 21 (11 stops, vol=16.0m3, center=(-7.28,-14.70)) ===
S0961        -5.8    -14.9        37326        49374      300      0.9    340.2
S0895        -6.3    -16.2        57371        64800      300      0.8    231.1
S0284        -8.2    -13.5        54455        64800      300      0.8    135.6
S0087        -7.0    -15.9        50172        60044      300      2.9    300.9
S0653        -9.0    -14.5        48634        64475      300      1.1    156.9
S0705        -6.8    -15.1        27966        42397      300      1.9    318.6
S0257        -6.4    -14.2        52087        64800      300      1.9     70.0
S0580        -7.9    -14.4        47187        55723      300      2.4    356.6
S0008        -7.3    -12.5        33061        43007      300      1.4    373.5
S0778        -7.9    -15.7        31824        44523      300      0.6    178.7
S0224        -7.5    -14.8        47925        64800      300      1.3     95.4

// === Cluster 22 (10 stops, vol=15.7m3, center=(14.15,0.33)) ===
S0438        10.6     -2.7        37677        47863      300      0.8     94.2
S0613        15.3     -0.2        51572        64800      300      0.9    238.5
S0440        15.0      2.5        26291        42842      300      2.3    257.6
S0697        11.9     -1.9        43696        57734      300      0.7    231.8
S0393        15.1      1.0        23160        32199      300      1.1    113.3
S0435        13.7      1.8        23750        41724      300      1.6     65.1
S0466        14.9      0.4        53844        64800      300      2.0     97.4
S0770        15.4      1.3        51785        64800      300      1.9    158.9
S0943        13.4      1.0        32096        52034      300      1.9     87.2
S0656        16.2      0.1        31411        43601      300      2.5    250.0

// === Cluster 23 (10 stops, vol=15.7m3, center=(8.57,12.09)) ===
S0267         6.9     10.5        39919        53413      300      3.0    211.5
S0120        10.2      8.9        55100        64172      300      2.9    360.3
S0750         9.6     12.3        37647        57895      300      2.3     74.5
S0967         9.0     13.3        46121        62382      300      0.5    226.1
S0016        10.7     11.1        46877        54172      300      0.5     82.3
S0415         8.3     12.2        34190        49277      300      0.5    251.6
S0006         9.8     11.9        23494        35373      300      0.6    232.9
S0292         6.9     15.5        56351        64800      300      1.5    126.3
S0099         4.4     11.9        29939        38458      300      1.4    368.6
S0853         9.9     13.3        25400        39389      300      2.5    130.0

// === Cluster 24 (10 stops, vol=16.0m3, center=(17.27,13.11)) ===
S0629        19.6     12.2        44783        52890      300      0.9    220.3
S0401        16.7     14.9        30851        46425      300      2.9    311.6
S0061        17.1     12.1        47542        61935      300      2.3    364.5
S0643        18.2     11.2        24747        39111      300      1.2    136.1
S0544        15.6     14.5        40466        57170      300      1.6    178.5
S0251        17.1     13.0        34926        51687      300      2.5    236.1
S0715        18.7     15.0        21965        34872      300      0.5    345.0
S0244        16.8     12.3        56284        63630      300      0.7     87.3
S0723        16.1     13.0        48868        60087      300      1.3    253.7
S0154        16.8     12.9        53635        64800      300      2.1    311.5

// === Cluster 25 (10 stops, vol=15.7m3, center=(11.53,18.72)) ===
S0210        10.3     17.3        39965        59997      300      2.9     94.3
S0968        10.2     18.3        45242        53937      300      0.8    159.6
S0539        12.0     19.8        33779        53075      300      2.4    171.9
S0970        11.9     18.2        27797        47745      300      2.6    119.1
S0452         9.8     18.8        42865        62148      300      0.7    153.7
S0097        11.1     18.0        45488        59587      300      0.7    175.8
S0932        12.1     19.2        37696        54490      300      1.0     75.1
S0976        12.0     18.6        33920        43961      300      1.5    126.1
S0740        12.6     19.2        26582        33958      300      1.4    392.1
S0771        13.3     19.8        53865        63112      300      1.7    276.7

// === Cluster 26 (10 stops, vol=16.0m3, center=(-7.01,16.24)) ===
S0681        -7.7     15.2        46276        62473      300      2.7    187.2
S0149        -6.4     17.6        30451        40770      300      1.0    254.5
S0248        -7.7     15.9        22212        38451      300      1.0    388.2
S0338        -5.9     16.5        43352        57657      300      1.1     96.3
S0787        -3.7     18.7        25236        46143      300      1.1    125.2
S0552        -8.0     15.5        26520        46289      300      1.9    325.3
S0276        -8.1     15.7        51119        60689      300      2.4     99.6
S0989        -8.0     15.5        24786        39808      300      2.2    321.2
S0817        -5.3     14.6        29175        46010      300      0.5    241.8
S0148        -9.3     17.2        32330        52453      300      2.1    200.8

// === Cluster 27 (10 stops, vol=16.0m3, center=(-10.41,7.18)) ===
S0484       -12.0      8.2        41743        52397      300      1.9    331.8
S1011        -9.1      6.2        43519        62774      300      1.8    121.9
S0361       -12.1      4.8        34919        50940      300      1.4    278.7
S0058       -10.1      8.3        35750        53811      300      1.4    223.5
S0278       -11.8      7.7        53838        64800      300      2.2    241.8
S0032       -10.2      6.2        53597        64800      300      0.5     88.4
S0020        -7.3      5.2        39015        52116      300      1.3     80.4
S0233       -10.1      8.2        38286        49479      300      1.7    328.0
S0694        -9.7      8.5        28503        43809      300      1.7    372.0
S0721       -11.7      8.5        54048        64800      300      2.1     92.5

// === Cluster 28 (10 stops, vol=15.9m3, center=(-13.20,18.78)) ===
S0772       -11.6     16.7        46545        59731      300      0.8    118.2
S0013       -15.0     19.5        22348        41874      300      2.6    149.5
S0138       -10.9     18.9        32629        40267      300      1.1     96.1
S0825       -16.3     18.4        26970        47397      300      2.3    351.2
S0735       -12.3     18.9        56087        64800      300      2.3    347.3
S0478       -12.9     19.3        51533        64800      300      0.6    386.4
S0975       -15.3     19.6        38047        58643      300      1.2    166.8
S0197       -10.0     19.4        52572        60396      300      2.1     77.1
S0911       -12.0     17.6        44752        58961      300      1.3    242.5
S0528       -15.7     19.5        26417        42645      300      1.6    317.5

// === Cluster 29 (10 stops, vol=15.4m3, center=(-18.44,18.06)) ===
S0488       -19.9     18.9        22633        34876      300      2.8    277.2
S0952       -19.4     16.6        42961        62868      300      1.6    336.6
S0766       -19.0     16.3        34054        47003      300      1.9    393.6
S0086       -17.9     16.8        23376        41096      300      0.8    241.8
S0937       -17.9     17.4        29317        49811      300      0.9    123.6
S0036       -19.1     17.4        44839        57319      300      0.6    298.4
S1021       -18.6     19.1        34650        54568      300      1.4    386.7
S0356       -16.0     18.9        27263        43211      300      1.3    334.6
S0670       -18.9     19.4        26628        37372      300      2.1    155.7
S0569       -17.7     19.8        47736        63107      300      2.0    278.6

// === Cluster 30 (10 stops, vol=16.0m3, center=(-10.48,13.01)) ===
S0379       -10.6      8.0        22230        30580      300      0.9    170.2
S0950        -9.3     12.5        30857        47995      300      3.0    353.8
S0879       -10.7     14.0        46351        63232      300      2.6     79.4
S0218       -11.3     14.5        36639        48684      300      1.1    254.0
S0220       -10.4     13.3        57564        64800      300      1.1    141.3
S0617       -12.1     13.9        55439        64800      300      1.6    150.9
S0929        -8.2     15.9        47960        64800      300      0.7    126.5
S0729       -10.3     12.5        56424        64800      300      1.5     62.3
S0666       -11.4     12.7        52941        64800      300      1.5     72.0
S0966       -10.5     12.8        47287        58702      300      2.0    171.9

// === Cluster 31 (10 stops, vol=16.0m3, center=(-6.00,2.53)) ===
S0413        -7.5      5.4        56585        64800      300      1.1    253.8
S0445        -6.1      2.4        42005        58872      300      2.4    201.0
S0041        -7.6      1.2        39899        54055      300      1.4     69.2
S0371        -6.8      1.4        35643        43199      300      1.4    285.5
S0562        -5.9      3.0        41175        54663      300      1.4    307.3
S0158        -8.4      4.7        30386        48589      300      2.2    232.6
S0527        -7.6      2.2        22826        35249      300      2.2    103.1
S0221        -0.6     -0.1        33452        42161      300      0.5    338.1
S0195        -3.9      0.7        41486        52420      300      1.3    245.6
S0595        -5.6      4.4        26473        44357      300      2.1     99.0

// === Cluster 32 (10 stops, vol=15.7m3, center=(-13.18,-3.07)) ===
S0913       -14.4     -3.4        27361        45363      300      2.9    114.9
S0513       -12.8     -1.2        24841        41329      300      0.9    225.6
S0345       -15.3     -2.5        27017        42986      300      0.9     92.4
S0062        -8.4     -5.7        43845        55554      300      2.8     95.6
S0209       -13.9     -3.7        46607        57244      300      0.7     69.2
S0779       -14.7     -2.4        26134        38145      300      1.0     64.9
S0387       -12.6     -0.8        48966        64800      300      1.4     93.7
S1006       -14.7     -4.5        49727        64800      300      1.8    328.7
S0632       -12.7     -3.6        27687        38832      300      2.1    133.7
S0084       -12.3     -2.9        27600        39040      300      1.2    343.9

// === Cluster 33 (10 stops, vol=16.0m3, center=(-5.76,-2.23)) ===
S0777        -5.8     -3.3        33084        50013      300      0.8    305.1
S0687         0.5      1.6        24422        34386      300      1.0    300.7
S0922        -8.3     -3.1        56254        64800      300      2.3    258.9
S0867        -6.7     -3.0        46648        64800      300      1.6    306.1
S0433        -7.8     -4.9        57351        64800      300      2.4    378.7
S0298        -7.2     -1.9        25704        36974      300      2.4    298.1
S0380        -5.2     -0.4        56278        64800      300      1.4    221.8
S0518        -7.7     -2.9        56662        64800      300      0.6    162.2
S0567        -3.8      0.1        54567        61924      300      2.8    296.0
S0799        -5.6     -4.5        30696        43655      300      0.7    283.4

// === Cluster 34 (10 stops, vol=15.5m3, center=(-19.11,-6.74)) ===
S0760       -19.4     -7.2        47478        56422      300      2.9    294.3
S0117       -18.7     -7.2        48301        55757      300      0.5    303.7
S1025       -19.8     -9.5        26853        44507      300      0.8    234.7
S0141       -19.4     -6.7        43339        50818      300      2.3    101.2
S0039       -17.9     -7.5        44588        53338      300      2.0    318.9
S0043       -19.8     -5.3        28665        40101      300      1.0    216.0
S0862       -18.9     -5.9        31959        42041      300      0.7    331.8
S0861       -19.7     -5.4        56292        64800      300      2.1    282.6
S0979       -19.1     -5.0        34384        42865      300      2.1    163.0
S0112       -18.4     -7.7        21964        37473      300      1.1    260.1

// === Cluster 35 (10 stops, vol=15.5m3, center=(-11.14,-18.67)) ===
S0679       -11.2    -18.6        38137        52831      300      2.8     86.9
S0494       -10.9    -18.0        43432        57045      300      2.7    385.2
S0442       -12.4    -19.4        55454        64800      300      0.5    346.8
S0319       -11.2    -19.4        46323        58724      300      1.7    223.7
S0021       -13.1    -17.7        25899        41574      300      2.0    342.7
S0410       -10.1    -19.6        33220        52801      300      1.9    220.0
S0328       -12.0    -18.3        37759        50362      300      0.9    339.3
S0406       -11.6    -18.1        38920        46742      300      0.9    128.1
S0455        -8.8    -18.3        53592        64800      300      0.7     67.9
S0234       -10.1    -19.3        50674        64800      300      1.4    149.6

// === Cluster 36 (10 stops, vol=16.0m3, center=(4.03,-9.28)) ===
S0602         3.8     -9.9        56022        64800      300      0.9    326.8
S0667         4.6    -10.6        46124        64800      300      2.3    138.1
S0963         5.3     -8.8        46739        55010      300      1.1     65.1
S0023        -1.5     -9.7        29194        48624      300      1.1    332.1
S0644         4.4     -9.1        52556        64800      300      1.9    229.3
S0381         5.4     -8.3        52290        64800      300      1.2    362.1
S0332         6.1     -9.2        44834        55950      300      2.6    356.6
S0321         4.0     -9.8        27485        41645      300      2.2    179.3
S0007         4.7    -10.0        38670        49171      300      0.6    130.6
S0991         3.5     -7.4        30470        51295      300      2.1    246.5

// === Cluster 37 (10 stops, vol=16.0m3, center=(7.04,-18.47)) ===
S0025         7.7    -17.9        45787        55760      300      1.0    319.1
S0659         6.6    -17.6        51712        64800      300      1.1     56.8
S0864         6.6    -19.3        22331        36345      300      1.2    293.0
S0572         6.3    -18.8        42676        52072      300      1.2    348.0
S1012         9.2    -19.1        34561        45149      300      1.6    170.2
S1042         8.8    -18.7        43944        57601      300      1.6    356.1
S0502         5.7    -19.7        54907        64800      300      2.4    170.8
S0009         8.3    -17.2        43767        51503      300      1.4    156.7
S1013         7.3    -17.6        48941        62649      300      2.8    240.8
S0838         3.9    -18.8        28897        46912      300      1.7    315.9

// === Cluster 38 (10 stops, vol=15.8m3, center=(7.26,-10.46)) ===
S0339         9.4    -11.1        30890        51124      300      0.8    306.6
S0337         8.0    -11.1        45752        55766      300      2.9    334.7
S0482         7.4    -12.0        49904        64800      300      1.0    304.6
S0496         9.7    -10.8        42148        52999      300      2.5    280.3
S0376         6.2    -10.8        52493        64800      300      0.6    201.6
S0959         7.2     -9.2        46596        57895      300      1.1    184.2
S0056         7.4     -9.6        46329        64800      300      1.9    165.1
S0971         7.0    -12.1        37691        56147      300      2.1    313.4
S0611         4.9    -11.8        55428        64800      300      1.6    183.1
S1034         5.4     -6.1        37629        53974      300      1.3    170.9

// === Cluster 39 (10 stops, vol=15.5m3, center=(12.88,-9.93)) ===
S0129        10.7    -10.7        43737        59631      300      2.2    354.1
S0549        12.3    -11.8        22545        36189      300      2.8    188.1
S0076        13.9     -9.6        28648        40335      300      0.8    103.3
S0868        12.8    -10.4        22828        43292      300      1.6    239.1
S0312        12.3     -8.7        41672        55720      300      1.6    131.9
S0285        14.1    -10.6        39084        54211      300      2.3    298.5
S0303        12.3     -9.1        22647        36574      300      0.7    323.0
S1029        13.9     -7.9        34294        48779      300      0.9    246.7
S0833        13.8    -10.7        29485        47119      300      1.1    149.9
S0756        12.7     -9.8        57122        64800      300      1.5    376.9

// === Cluster 40 (10 stops, vol=16.0m3, center=(15.02,-12.08)) ===
S0947        15.4     -9.6        29443        50722      300      2.9    360.3
S0603        14.9    -13.2        38681        51861      300      1.2    389.3
S0921        14.0    -12.0        32485        50903      300      1.2    239.5
S0302        17.3     -9.8        44699        54801      300      1.6    250.4
S0089        14.5    -13.0        27950        47242      300      2.2     73.3
S1043        11.8    -12.5        29522        44692      300      2.2     52.3
S0842        14.9    -15.7        38751        55660      300      0.5    237.2
S0475        15.8    -12.3        37145        49295      300      0.7    124.1
S0590        17.2    -11.6        48525        63319      300      1.5    315.4
S0899        14.4    -11.1        30233        42502      300      2.0    305.3

// === Cluster 41 (10 stops, vol=15.9m3, center=(19.01,-10.38)) ===
S0283        19.6    -12.2        50487        64800      300      2.3     58.0
S0245        20.0     -6.9        30131        49975      300      2.5    377.8
S0140        18.9    -10.5        50069        60355      300      0.7    320.5
S0122        19.4     -9.3        54693        64800      300      0.7    112.2
S0280        17.8     -9.7        41206        61351      300      0.7    330.3
S0028        19.8    -12.7        48174        64800      300      1.9    175.4
S0103        19.4     -8.3        32669        44789      300      1.9    299.9
S0534        19.3     -9.9        53091        64800      300      1.7    287.9
S0222        17.1    -11.0        52646        64800      300      2.1    243.8
S0228        18.8    -13.3        50641        64800      300      1.4    167.6

// === Cluster 42 (10 stops, vol=16.0m3, center=(18.12,-0.85)) ===
S0354        17.7     -1.0        52831        64800      300      0.5    168.9
S1018        18.8     -0.4        42287        57695      300      0.6    312.7
S0888        18.1      0.1        50440        57913      300      2.8    324.3
S0751        17.6     -0.7        52002        64800      300      2.8    183.8
S1017        17.6     -0.4        23242        37219      300      0.7    174.0
S0453        19.4     -3.7        22111        31749      300      2.0    227.2
S0047        16.2     -1.2        44241        51686      300      2.1    292.3
S0746        17.8      0.8        47280        61985      300      1.7    383.3
S0498        18.8     -1.4        36040        48269      300      1.3    149.8
S0820        19.2     -0.6        41945        49587      300      1.5    244.6

// === Cluster 43 (9 stops, vol=15.7m3, center=(15.76,5.87)) ===
S0432        15.6      3.9        29940        43207      300      2.9    371.6
S0812        16.7      6.5        40154        57518      300      0.7    272.0
S0969        13.1      6.6        27434        43121      300      1.0    349.5
S0972        14.7      5.2        33221        43363      300      1.6    348.3
S1050        15.5      6.8        21705        34651      300      1.7    230.9
S0057        14.6      6.0        37580        48911      300      1.8    290.1
S0480        14.9      4.7        34609        49832      300      1.8    113.2
S0990        19.2      6.0        26771        36996      300      2.1    347.8
S0111        17.5      7.1        45840        63861      300      2.1    395.9

// === Cluster 44 (9 stops, vol=16.0m3, center=(12.41,10.70)) ===
S0731        11.7     10.0        26539        46263      300      2.7    299.5
S0034         8.8      7.3        48779        57547      300      1.0    271.4
S0439        15.0     13.3        44724        60603      300      1.8    301.5
S0641        11.6     11.6        54045        64800      300      1.6    388.0
S0108        16.0     12.2        47869        59351      300      2.5    120.0
S0711         9.0      9.3        52877        63088      300      1.4    335.8
S0127        14.0     10.4        45319        58029      300      2.2    375.6
S0631        10.4     12.2        51467        64800      300      1.3    229.2
S0186        15.2     10.0        23276        39181      300      1.5    111.3

// === Cluster 45 (9 stops, vol=15.9m3, center=(8.27,0.19)) ===
S0848         8.3      0.9        30489        38711      300      1.8     90.6
S0486         8.2     -1.3        44893        56264      300      1.0    379.6
S0351         8.2      0.8        40200        52898      300      2.2    144.9
S0095         7.7     -0.4        39565        52206      300      2.4    147.4
S0604         7.3      0.1        23476        42192      300      2.4    150.4
S0574         6.9      1.8        39089        47709      300      2.4    333.0
S0212         8.6      0.1        38452        56543      300      0.6     95.7
S0508        11.6     -2.7        27727        48104      300      1.2    186.2
S0162         7.6      2.4        56166        63471      300      1.9    199.3

// === Cluster 46 (9 stops, vol=15.9m3, center=(4.60,4.40)) ===
S0673         6.9      6.4        24113        41245      300      2.6    260.3
S0633         5.7      3.8        29873        41452      300      1.1    226.5
S0033         0.9      6.1        32170        43567      300      2.2    183.4
S0399         4.0      4.7        40311        49471      300      0.5    202.3
S0733         6.4      5.4        22056        35232      300      2.7    272.4
S0119         2.5      1.8        48392        60834      300      0.6    234.8
S0479         5.3      2.8        51344        64800      300      2.8    218.0
S0485         5.1      5.4        22467        37514      300      1.9    364.6
S0615         4.6      3.2        30344        47309      300      1.5    130.6

// === Cluster 47 (9 stops, vol=15.6m3, center=(14.52,16.89)) ===
S0080        12.3     17.7        44249        62582      300      2.9    290.9
S0132        14.2     17.8        53005        62899      300      2.2    162.5
S0026        13.8     19.6        23302        41621      300      2.6    369.4
S0301        13.5     17.3        26525        36851      300      0.9    398.1
S1031        15.2     16.3        26552        36796      300      1.4     70.6
S0364        15.8     17.3        44119        58626      300      2.0    223.0
S0793        17.0     14.1        35341        52554      300      1.0    258.3
S0313        16.0     17.2        53598        64800      300      1.3    309.9
S0957        12.9     14.7        47471        64800      300      1.3    118.7

// === Cluster 48 (9 stops, vol=15.3m3, center=(0.73,13.41)) ===
S0993         0.0     14.6        42941        50407      300      2.8    241.1
S0816         0.7     12.6        40636        48321      300      0.8    303.1
S0988         1.1     13.3        49951        64800      300      0.6     62.7
S0924         1.4     14.0        44175        52581      300      1.3    106.9
S0726        -0.0     13.9        46724        60146      300      2.5     72.9
S0412        -0.4     13.9        55422        64800      300      2.5    265.8
S0557         0.6     12.9        40957        52413      300      1.0    328.9
S0185         1.7     11.8        38588        59106      300      1.5     80.7
S0422         1.5     13.7        39006        58546      300      2.3    103.8

// === Cluster 49 (9 stops, vol=15.8m3, center=(4.38,15.20)) ===
S0904         4.4     15.6        37672        51543      300      2.9    348.6
S0865         4.6     15.5        24792        35786      300      0.9    312.0
S0157         4.0     15.8        46177        64800      300      2.8    106.8
S0790         3.1     15.4        38240        47418      300      0.6    279.0
S0647         3.8     17.0        41069        53758      300      1.8     57.0
S0369         4.0     12.2        30953        47426      300      1.9    216.7
S0690         5.0     17.4        57359        64800      300      1.6    106.4
S0545         6.2     15.0        52888        64800      300      2.0    278.8
S0762         4.3     12.9        55467        63995      300      1.3    221.8

// === Cluster 50 (9 stops, vol=15.7m3, center=(0.27,8.92)) ===
S0049         0.5      9.1        31352        44444      300      2.4    329.6
S0300         0.3      9.0        49232        64800      300      0.6    375.5
S0803         0.9      8.1        54320        64800      300      1.4     58.4
S0468         1.1      9.3        23043        43506      300      1.7    159.3
S0570         0.1      9.0        48266        62019      300      2.0    322.2
S0314         0.1      8.5        42740        63715      300      1.9    302.5
S0448         1.5      9.6        49805        62240      300      1.8    369.9
S1026        -1.9      9.1        32617        40254      300      1.8    386.7
S0550        -0.2      8.6        49205        64800      300      2.1    214.0

// === Cluster 51 (9 stops, vol=17.4m3, center=(-7.79,13.53)) ===
S0372        -9.9     15.8        36370        56639      300      1.1    331.7
S0720        -9.6     15.7        25620        38448      300      2.0    252.9
S0236        -8.5     15.6        31545        46255      300      2.0    281.2
S0955        -9.7     14.8        41607        52814      300      1.4    189.8
S0241        -9.0     13.7        39771        56089      300      2.4    110.7
S0579        -9.1     13.5        32175        43205      300      1.9    207.4
S0607        -6.2     14.8        37963        55111      300      1.9    196.1
S0530        -6.9     14.1        38527        52470      300      1.8    312.2
S0360        -1.2      3.8        37390        52729      300      2.9    222.7

// === Cluster 52 (9 stops, vol=16.0m3, center=(-13.96,13.34)) ===
S0491       -14.6     12.5        36245        44096      300      2.7    217.8
S0893       -12.9     12.0        35288        46140      300      1.0     76.0
S0139       -12.9     14.6        54834        62532      300      2.6    279.2
S0566       -14.8     13.7        34881        55150      300      1.6    209.0
S0211       -15.8     13.0        28677        45749      300      2.8    379.4
S0844       -12.7     13.0        25549        46138      300      0.7    211.7
S0995       -14.0     14.4        28045        39012      300      1.3    180.9
S0004       -14.3     12.7        34770        47054      300      1.3     97.1
S0407       -13.6     14.2        47329        64800      300      2.0    210.2

// === Cluster 53 (9 stops, vol=16.0m3, center=(-15.51,15.00)) ===
S0166       -16.8     15.0        49877        64800      300      1.0    339.9
S0388       -16.3     16.0        52713        64800      300      2.6     95.6
S0517       -15.4     14.5        38771        46289      300      2.3    388.2
S0912       -15.1     16.0        32221        43389      300      1.2    177.2
S0785       -15.2     16.3        33350        51530      300      2.4    177.0
S0839       -15.6     15.3        54818        64800      300      2.4    304.5
S0017       -14.8     13.7        41826        53445      300      0.5    145.0
S0871       -14.5     14.4        41177        56561      300      1.5    288.5
S0677       -15.9     13.8        28779        36688      300      2.1    277.6

// === Cluster 54 (9 stops, vol=15.3m3, center=(-15.06,11.72)) ===
S0877       -15.5     10.9        47275        55604      300      2.8     89.5
S0424       -17.1     12.0        38267        47711      300      2.6    240.5
S0788       -16.5     11.7        50423        64800      300      1.6    306.5
S0309       -13.8     11.9        38948        46178      300      1.4    256.3
S0385       -13.8     11.3        29767        42324      300      0.9    201.0
S0819       -15.0     12.3        54193        64800      300      1.2    300.1
S0431       -15.1     10.6        36309        44468      300      1.1    102.7
S0322       -15.6     12.5        53688        64800      300      2.0    148.5
S0172       -13.1     12.3        41810        50903      300      1.7    217.6

// === Cluster 55 (9 stops, vol=15.4m3, center=(-18.09,1.08)) ===
S0560       -15.9     -1.8        48021        57887      300      2.9    263.5
S0255       -17.6     -1.0        37416        51368      300      2.8    371.6
S0098       -19.7      1.9        47556        54809      300      1.9    202.7
S0243       -19.0      2.3        56457        64800      300      0.8    200.7
S0824       -18.1      0.2        41471        57172      300      0.6    142.0
S0109       -18.4      2.1        47572        61601      300      1.4    200.6
S0069       -19.0      1.9        39989        49529      300      1.1    238.8
S0417       -17.5      2.2        53810        64800      300      1.5    230.4
S0623       -17.6      1.9        43751        58092      300      2.4    364.9

// === Cluster 56 (9 stops, vol=15.7m3, center=(-16.77,4.62)) ===
S0501       -17.3      5.6        52179        62940      300      2.4    214.9
S0561       -18.0      3.5        32208        50721      300      1.4    305.0
S0449       -15.4      4.1        28118        40363      300      1.4    162.3
S1004       -17.8      5.4        37678        50156      300      2.0    261.8
S0680       -16.5      4.4        25174        36350      300      1.9     73.5
S0143       -16.4      4.4        33638        46285      300      1.9    328.6
S0987       -16.3      2.8        25829        44336      300      2.1    181.2
S0883       -17.7      5.5        51508        59981      300      1.3    265.7
S0610       -15.5      5.9        31298        44491      300      1.3    388.3

// === Cluster 57 (9 stops, vol=15.7m3, center=(-13.62,0.38)) ===
S0936       -13.1      1.3        55897        64800      300      0.8    361.0
S0535       -15.4     -0.2        33624        41555      300      2.4    157.6
S0003       -14.4     -0.6        50245        60325      300      2.4    269.3
S0270       -10.2     -0.2        45099        64800      300      2.8    238.5
S0181       -14.0      0.9        39574        50107      300      0.5     92.0
S0355       -13.1      0.3        46808        64800      300      2.6     59.6
S0018       -15.0      2.8        38326        46762      300      1.1    372.3
S0476       -13.1     -0.7        44138        55696      300      1.4    294.6
S0898       -14.3     -0.2        38472        49564      300      1.7    194.5

// === Cluster 58 (9 stops, vol=16.0m3, center=(-6.38,-0.88)) ===
S0196        -4.4     -2.5        49459        59976      300      2.9    375.3
S0684        -8.2     -1.1        22804        43864      300      1.9     90.9
S0467        -8.5      0.1        41600        53998      300      1.8    144.0
S0859        -9.1     -0.7        56655        64800      300      2.4    183.9
S0682        -9.8     -0.4        45279        62268      300      2.2    344.5
S0795        -6.3     -1.5        39511        57431      300      0.7     91.0
S0531        -2.1     -1.5        49887        64800      300      0.7    335.2
S0077        -3.2      0.3        55473        64800      300      1.3    278.9
S0854        -5.8     -0.6        53588        64800      300      2.1    210.0

// === Cluster 59 (9 stops, vol=16.0m3, center=(-9.83,-10.49)) ===
S0287        -8.4    -11.5        35166        45670      300      0.9    280.5
S0847       -11.6     -9.7        26973        36782      300      0.9     55.8
S0153        -8.4    -12.8        57414        64800      300      3.0    112.5
S0469        -9.2    -10.1        41069        56254      300      3.0     63.8
S0071       -10.7     -9.3        33489        50831      300      0.8    263.3
S0657        -9.7    -10.4        30878        38526      300      1.1    127.6
S0938        -9.0     -9.0        21848        41853      300      1.9     69.4
S0671        -9.3    -11.3        34819        55325      300      2.4    291.3
S0934       -12.2    -10.3        39624        57896      300      2.0    370.3

// === Cluster 60 (9 stops, vol=15.7m3, center=(-18.50,-12.27)) ===
S0606       -17.0    -12.6        37508        57974      300      0.9    285.2
S0525       -19.1    -12.7        49683        64800      300      2.4    116.6
S1010       -19.1    -13.8        26671        41693      300      2.8    386.2
S0810       -18.4    -11.5        28171        37263      300      1.5    308.7
S0965       -19.6    -11.7        55486        62792      300      1.6     93.9
S0046       -16.2    -13.3        27874        43715      300      1.6    399.3
S0798       -19.9    -13.5        28653        46237      300      1.7     53.2
S0896       -18.4    -10.2        49129        60740      300      1.9    245.6
S0414       -18.8    -11.1        30167        41933      300      1.3    303.2

// === Cluster 61 (9 stops, vol=15.9m3, center=(-19.03,-15.56)) ===
S0045       -18.1    -15.9        48132        63640      300      2.9    166.5
S0050       -19.0    -16.4        47820        62015      300      1.1    225.0
S0497       -19.4    -15.5        36297        46311      300      1.8    354.7
S0542       -19.3    -16.6        49308        64800      300      2.3    212.4
S0585       -19.2    -16.4        32950        48111      300      1.2    382.1
S0235       -18.8    -14.2        51199        64800      300      2.1    282.4
S0411       -19.9    -14.7        53196        64800      300      1.3    336.0
S0781       -18.5    -15.6        46355        64800      300      1.6    299.5
S0418       -19.1    -14.7        40643        62092      300      1.6    252.1

// === Cluster 62 (9 stops, vol=16.0m3, center=(-4.87,-6.82)) ===
S0832        -6.4     -7.2        25366        45293      300      2.6    222.7
S0908        -4.0     -4.2        37377        57155      300      2.3     51.9
S0622        -5.6     -8.0        33227        49681      300      1.8    304.6
S0960        -4.1     -7.4        45212        64800      300      1.6    210.1
S0939        -4.0     -7.8        28406        47756      300      2.8    399.9
S0917        -4.6     -6.5        49084        61110      300      0.7    228.3
S0082        -4.2     -5.4        57189        64800      300      0.7     61.7
S0669        -4.2     -7.2        29625        47814      300      1.5    147.7
S0909        -6.7     -7.7        48510        64800      300      2.0    126.4

// === Cluster 63 (9 stops, vol=15.4m3, center=(-16.42,-18.91)) ===
S0707       -15.4    -18.8        46068        60200      300      2.8    211.6
S0091       -16.5    -17.2        36581        50308      300      2.8    136.0
S1041       -14.8    -19.7        53357        64800      300      2.6     55.5
S0974       -15.2    -18.5        47511        64800      300      2.6     72.6
S0471       -18.2    -18.4        29406        40509      300      0.9     58.3
S0870       -14.9    -18.4        56285        64352      300      0.9    357.5
S0841       -19.0    -19.2        32572        53311      300      0.8    186.2
S0605       -17.7    -20.0        40926        50554      300      0.7     80.8
S0710       -16.1    -20.0        43309        52174      300      1.3    245.2

// === Cluster 64 (9 stops, vol=15.6m3, center=(-10.56,-13.13)) ===
S0727        -8.0    -13.3        45327        64362      300      2.3    146.9
S0537       -12.9    -14.7        56533        64800      300      2.2    123.6
S0765       -10.0    -12.8        41223        49515      300      2.7    337.4
S0320       -10.5    -12.0        35823        54538      300      0.6    359.8
S0066       -11.2    -12.7        30606        47549      300      0.7    264.0
S0200       -11.6    -14.9        39911        60107      300      2.4    305.9
S0625        -9.5    -13.2        53019        64800      300      2.1     74.4
S0860       -11.8    -11.4        21647        34982      300      1.3     87.3
S0178        -9.5    -13.2        54172        63703      300      1.3    308.8

// === Cluster 65 (9 stops, vol=15.5m3, center=(-1.97,-14.44)) ===
S0173        -3.3    -14.6        34360        49656      300      2.2    184.2
S0918        -2.1    -15.4        23137        36509      300      2.6    150.1
S0423        -1.3    -13.4        33022        45168      300      0.5    325.9
S0500        -1.4    -13.1        29035        41454      300      1.8    100.5
S0461        -2.4    -17.8        30559        47154      300      2.3     74.7
S0206        -1.8    -14.0        30708        50703      300      1.4    210.7
S0252        -3.1    -13.9        48063        57708      300      1.5     81.3
S0096        -1.2    -15.7        45818        60116      300      2.1     92.8
S0304        -1.1    -12.1        37974        58445      300      1.1    133.9

// === Cluster 66 (9 stops, vol=16.0m3, center=(0.51,-8.92)) ===
S0068         0.4     -7.3        42231        58453      300      0.8     69.8
S0699        -0.9     -8.8        38726        57267      300      2.9    293.0
S0230         1.2     -8.2        43698        61914      300      2.9    339.9
S0019        -0.3     -9.1        24843        46111      300      1.1    198.8
S0457         0.8     -7.8        53853        62607      300      1.6    290.9
S0065         0.6    -10.5        55905        64800      300      1.4     90.5
S0239         1.0     -8.5        34819        45393      300      1.3    213.6
S0437         2.7     -9.3        32740        42916      300      2.0    135.1
S0192        -0.9    -10.8        46194        61679      300      2.0    375.7

// === Cluster 67 (9 stops, vol=15.6m3, center=(-4.88,-10.11)) ===
S0668        -3.9    -10.0        39826        59987      300      2.3    280.9
S0849        -5.9     -9.9        41073        57399      300      2.3    327.6
S0012        -4.4     -8.5        43946        62800      300      2.8    392.7
S0519        -2.8    -10.3        52419        64800      300      0.6    389.8
S0676        -5.0    -11.3        50355        57677      300      0.9    257.3
S0533        -3.0     -8.7        36951        57503      300      0.9    381.7
S0170        -7.4     -9.4        28932        39819      300      1.6    384.0
S0088        -7.0    -12.1        34538        47900      300      1.8    354.7
S0231        -4.5    -10.8        46645        54985      300      2.4     90.0

// === Cluster 68 (9 stops, vol=16.0m3, center=(0.94,-5.96)) ===
S0350         1.7     -7.9        50297        64800      300      3.0    375.4
S0759        -1.8     -6.8        46985        64800      300      1.8    310.6
S0266         0.8     -5.8        38256        56135      300      1.6    341.1
S0942        -2.5     -5.3        32958        51071      300      1.6     67.5
S0179         1.3     -5.4        43203        60512      300      2.5    391.8
S0030         3.1     -5.1        32306        46903      300      0.7    257.3
S0923         2.5     -3.0        24852        37204      300      0.7    220.6
S0118         1.9     -8.6        35417        49465      300      2.0     84.2
S0596         1.5     -5.7        52077        64800      300      2.1    333.5

// === Cluster 69 (9 stops, vol=16.0m3, center=(12.19,-17.97)) ===
S0344        13.8    -17.4        34555        52185      300      0.9    261.3
S0027        10.8    -18.7        49059        64800      300      3.0    356.0
S0529        10.9    -17.8        46504        56270      300      0.8    137.4
S0121        11.5    -19.2        34498        54753      300      1.0    188.1
S0930        12.3    -17.6        45813        63030      300      2.6    364.1
S0997        10.4    -19.6        22291        34919      300      2.3    214.9
S0773        13.3    -19.9        25425        44567      300      1.9    244.9
S0394        16.3    -11.9        42445        55774      300      1.5     82.5
S0507        10.4    -19.6        21809        33213      300      2.0    285.1

// === Cluster 70 (9 stops, vol=15.9m3, center=(16.77,-16.08)) ===
S0889        18.4    -14.9        46501        64650      300      0.9     87.4
S0716        17.6    -15.3        54519        64800      300      2.9    397.7
S0227        15.0    -16.6        22525        38284      300      2.6    184.1
S0973        15.5    -17.9        41986        55395      300      1.1     70.5
S0288        15.8    -16.4        44147        57366      300      2.8    365.3
S0713        17.0    -16.4        35136        47529      300      1.2    301.4
S0094        19.2    -15.0        39670        48255      300      1.5    303.2
S0277        15.8    -15.3        48781        64800      300      1.3    121.9
S0692        16.6    -16.9        47291        59711      300      1.6    100.4

// === Cluster 71 (9 stops, vol=15.9m3, center=(7.51,-4.70)) ===
S0163         8.6     -8.1        42482        53012      300      3.0    344.6
S0792         7.8     -6.2        48522        61974      300      0.8    106.7
S0357         7.1     -6.0        40516        56016      300      0.8    168.6
S0115         5.7     -4.8        49642        60512      300      2.9    212.1
S0649         7.6     -2.8        21833        31717      300      1.1    302.7
S0242         6.8     -3.2        36545        57678      300      2.4     76.1
S0250         7.5     -5.0        37596        51045      300      2.8    172.6
S0554        10.7     -3.7        32693        41062      300      0.7    338.8
S0055         5.8     -2.5        25640        34375      300      1.4    209.7

// === Cluster 72 (9 stops, vol=15.7m3, center=(14.93,-4.57)) ===
S0146        14.7     -3.4        55165        64800      300      2.9    314.1
S0130        14.7     -5.1        38284        46944      300      0.9    213.8
S1028        12.9     -4.8        32417        52362      300      2.8    136.9
S0581        15.1     -5.6        22556        30924      300      0.5    335.5
S0536        17.3     -5.7        31180        40566      300      0.7    248.3
S1002        13.6     -5.2        35308        55903      300      1.0    176.7
S0125        14.3     -3.6        47363        55643      300      1.9    256.9
S0755        15.9     -4.3        37435        57408      300      2.5    376.2
S0031        15.9     -3.4        34101        49614      300      2.5    347.9

// === Cluster 73 (9 stops, vol=16.0m3, center=(11.73,-3.68)) ===
S0948        11.1     -4.0        22425        33891      300      0.8    131.6
S0493        10.4     -4.5        23870        44204      300      1.0    342.7
S0182        11.4     -2.6        29868        44702      300      2.6    188.6
S0635        13.7     -1.7        53181        64800      300      1.6    380.4
S0658        12.4     -4.9        24846        35094      300      1.6    115.5
S0927        10.5     -2.0        43840        52078      300      2.5    299.5
S0263        11.7     -4.8        33956        51357      300      2.4    240.1
S0905        12.6     -3.7        33281        52753      300      1.5    254.5
S0070        11.8     -4.9        44006        64800      300      2.0    113.8

// === Cluster 74 (9 stops, vol=16.0m3, center=(1.74,3.56)) ===
S0886         0.4      2.7        22768        35810      300      1.0    284.2
S0875         0.6      4.0        56254        64800      300      1.8     75.9
S0956         0.9      4.2        24397        40813      300      1.6    309.9
S0051         3.4      0.2        25629        40893      300      1.6    248.3
S0931         1.8      6.6        45612        62648      300      2.5    224.5
S0806         5.1      1.6        34635        55905      300      2.5    352.9
S0589         0.9      3.6        50300        64800      300      2.2    220.8
S1045         1.9      3.7        30402        43638      300      1.4    367.5
S0340         0.7      5.4        52474        61178      300      1.4    313.8

// === Cluster 75 (9 stops, vol=15.6m3, center=(16.41,-6.84)) ===
S0093        15.2     -6.6        23594        34875      300      2.2    347.8
S0279        17.6     -7.0        40765        53081      300      1.7    292.6
S0774        18.7     -7.9        21819        41859      300      1.8    208.7
S0661        15.0     -6.6        54535        64800      300      2.0    158.1
S0693        17.8     -8.1        49435        57375      300      2.1    385.4
S0555        15.9     -5.0        25890        36156      300      2.1    164.9
S0807        16.4     -8.8        50994        63233      300      1.1     73.7
S0814        15.5     -6.1        35238        49085      300      1.3    184.1
S0933        15.6     -5.5        30966        45260      300      1.3     85.6

// === Cluster 76 (8 stops, vol=16.0m3, center=(-3.39,4.54)) ===
S0114        -4.3      4.8        38272        51144      300      2.7    368.2
S1030        -3.9      6.9        24007        43328      300      2.9    312.4
S0391        -4.8      5.6        28651        43341      300      2.6    282.8
S0378        -3.2      3.7        47700        60584      300      2.3     92.1
S0487        -5.0      5.1        31706        49285      300      1.2    172.3
S0323        -0.1      2.5        29596        48339      300      0.6    245.3
S0454        -1.6      5.1        36715        51453      300      2.0     66.6
S0176        -4.2      2.6        25529        44333      300      1.7    142.8

// === Cluster 77 (8 stops, vol=15.9m3, center=(11.96,0.50)) ===
S1003        11.9     -0.9        30458        43552      300      1.8    216.1
S0223        11.5     -1.1        51121        64800      300      2.2    359.9
S0404        11.0     -1.2        45558        58746      300      2.7    224.8
S0866        10.5      3.2        52877        64800      300      1.9     87.8
S0137        13.4      1.1        39504        52859      300      2.0    339.0
S0374        12.7      1.2        35032        50902      300      2.1    157.0
S0949        12.8      0.7        55930        64800      300      1.6    285.7
S0945        11.9      1.0        43478        55154      300      1.6    228.1

// === Cluster 78 (8 stops, vol=16.0m3, center=(11.14,3.09)) ===
S0767        13.9      3.8        33248        41645      300      0.9    150.6
S0258        11.0      0.8        23425        44345      300      3.0    110.9
S0489         9.8      5.1        53362        64800      300      1.9    214.1
S0703        11.4      3.7        23918        35257      300      2.2     95.8
S0540        12.1      3.1        22791        36421      300      2.8    395.9
S0769        10.8      3.4        45603        52990      300      2.8    298.5
S0837        10.3      1.3        49387        64800      300      0.7     96.2
S0436         9.8      3.5        21734        42955      300      1.7    306.6

// === Cluster 79 (8 stops, vol=16.0m3, center=(11.43,6.09)) ===
S0811        12.5      8.1        27795        38176      300      2.6    398.4
S0874        12.5      7.7        46413        59170      300      2.6    331.5
S0664        10.0      6.5        38138        54696      300      2.6    240.7
S0823        12.7      7.3        50339        58219      300      1.9    350.7
S0214        10.7      5.2        55863        64800      300      1.8    360.2
S0100        11.8      5.4        47492        64800      300      2.4    310.2
S0035         9.7      2.2        39746        57536      300      1.4    111.6
S0306        11.5      6.3        41838        50859      300      0.7    163.0

// === Cluster 80 (8 stops, vol=15.8m3, center=(6.31,2.74)) ===
S0398         7.3      1.4        35874        46739      300      2.9    275.0
S0135         6.4      3.4        53232        61258      300      1.0    389.3
S0563         6.6      2.3        23970        41587      300      2.2    132.5
S0919         6.4      2.7        56711        64800      300      2.2    397.4
S0764         3.6      3.6        39462        60051      300      2.2    313.1
S0786         8.2      3.1        29663        38771      300      2.6    172.0
S0818         6.4      2.4        38473        57043      300      1.1     94.0
S0290         5.6      3.0        40612        56304      300      1.6    198.0

// === Cluster 81 (8 stops, vol=15.7m3, center=(7.08,17.25)) ===
S0430         8.6     18.0        41579        51362      300      3.0     84.0
S0794         7.8     15.6        39092        57002      300      2.3    370.7
S0642         5.3     17.1        53292        64800      300      2.6    296.9
S0836         8.5     17.6        41916        50158      300      1.1    347.0
S0830         5.6     17.4        51283        59090      300      1.5    345.6
S1008         6.8     18.5        31478        46659      300      1.6    105.1
S0953         6.1     15.9        24694        32799      300      1.6    110.0
S0663         7.9     17.9        30624        49017      300      2.0    165.8

// === Cluster 82 (8 stops, vol=16.0m3, center=(0.86,18.86)) ===
S0014        -0.9     19.3        50114        59592      300      0.9    248.5
S0217        -0.9     18.6        36451        46156      300      2.3    169.5
S0688         0.7     18.5        31415        43537      300      2.3     89.7
S1044         0.1     19.4        43768        52844      300      1.9    298.9
S0194         0.3     19.4        41650        54024      300      1.8    336.6
S0335         4.1     19.1        32296        46228      300      1.6    136.2
S0509         0.9     18.6        48188        59805      300      2.4    380.9
S0982         2.6     18.0        39015        49434      300      2.8    243.6

// === Cluster 83 (8 stops, vol=15.8m3, center=(-3.75,11.51)) ===
S0395        -2.8     11.8        37566        47010      300      1.0    387.0
S0152        -1.1     12.5        24686        38057      300      2.5     63.8
S0397        -4.6     10.9        23263        38583      300      2.6    214.0
S0215        -3.9     10.3        53910        64800      300      2.6    159.5
S1015        -3.7     11.8        36347        45686      300      1.8    154.8
S0742        -6.7     11.3        48497        64800      300      1.8    194.6
S0074        -4.7     12.6        52452        64800      300      1.5    235.4
S0532        -2.5     10.9        35487        47839      300      2.0    288.6

// === Cluster 84 (8 stops, vol=15.9m3, center=(-6.58,19.03)) ===
S0134        -5.9     19.4        29471        48645      300      0.9    224.3
S0749        -7.1     19.5        29237        48395      300      2.9     89.6
S0887        -5.2     18.5        32569        42458      300      1.1    183.5
S0421        -7.2     19.5        38985        54821      300      2.3    248.2
S0897        -7.6     18.2        28763        41231      300      2.3    333.3
S0654        -8.5     19.9        38167        58908      300      2.7    240.7
S0295        -6.7     17.7        44091        61345      300      2.1     91.7
S0106        -4.4     19.5        28127        48196      300      1.6    166.0

// === Cluster 85 (8 stops, vol=15.7m3, center=(-5.55,6.98)) ===
S0275        -4.3      9.8        53841        64800      300      2.9    329.7
S0593        -4.5      6.3        47649        62751      300      2.8    167.6
S0738        -4.0      4.4        22199        39598      300      0.5    160.8
S0701        -6.0      6.5        55598        64800      300      1.6    394.3
S0885        -7.1      8.7        31228        47592      300      2.0    318.8
S0038        -5.5      7.6        56707        64800      300      2.5    125.4
S0628        -6.0      6.2        33669        44727      300      2.1    228.3
S0747        -7.0      6.3        32884        41481      300      1.3    314.4

// === Cluster 86 (8 stops, vol=15.3m3, center=(-11.78,15.93)) ===
S0201       -12.4     14.4        47299        61031      300      2.8    269.3
S0490       -11.2     15.5        23421        36565      300      0.8    167.2
S0155       -11.8     15.2        21748        35726      300      2.1    149.5
S0986       -11.0     16.9        41983        57724      300      2.5    398.3
S0368       -10.5     16.6        31365        42847      300      2.5    111.3
S0782       -12.6     14.7        39732        48730      300      1.1    293.7
S0229       -11.9     17.5        43670        57234      300      1.5    285.0
S0992       -12.8     16.6        29218        46486      300      2.0    184.7

// === Cluster 87 (8 stops, vol=16.0m3, center=(-15.39,-1.06)) ===
S0591       -15.1     -1.2        28782        48473      300      2.7    125.1
S0259       -14.3     -1.3        39199        57964      300      3.0     56.8
S0147       -15.1     -0.5        41733        59204      300      2.6    243.3
S0964       -15.8      0.8        56292        64800      300      1.1    390.7
S0237       -14.9     -1.7        37648        55358      300      1.2    309.0
S0780       -14.8     -1.8        33034        50792      300      1.8     57.9
S0609       -16.5     -1.2        39011        54819      300      1.6    127.8
S0113       -16.6     -1.6        21631        32651      300      2.0    334.3

// === Cluster 88 (8 stops, vol=16.0m3, center=(-11.65,10.93)) ===
S1020       -11.1     10.1        55909        64800      300      2.7    381.7
S0022       -12.1     10.7        32898        45902      300      2.6    205.4
S0650       -10.8     10.1        35501        46368      300      2.3    300.0
S1046       -12.8     11.8        41669        53406      300      1.6    374.6
S0878       -11.5     11.5        25302        46011      300      2.4    113.4
S0851       -10.8     10.5        41137        58438      300      0.6    214.6
S0318       -12.1     10.5        41207        56184      300      1.7    281.7
S0998       -12.0     12.2        36844        57750      300      2.1    121.0

// === Cluster 89 (8 stops, vol=15.9m3, center=(-17.00,-4.75)) ===
S0002       -17.1     -5.6        29049        40546      300      3.0    162.7
S0907       -18.8     -5.0        45805        56750      300      2.9    181.2
S1009       -15.8     -4.9        45148        60212      300      1.0     79.7
S0464       -16.9     -3.4        48080        60600      300      2.3    113.2
S0791       -17.1     -3.6        24827        43452      300      2.8    107.6
S0928       -16.6     -4.0        32319        42317      300      0.7    156.7
S0029       -15.5     -4.8        34824        53623      300      1.5     88.2
S0821       -18.2     -6.7        40082        49750      300      1.7    180.2

// === Cluster 90 (8 stops, vol=15.9m3, center=(-2.49,1.94)) ===
S0446        -3.3      6.9        23507        44396      300      1.8    208.6
S0543        -4.5      1.9        28751        50159      300      2.7    347.3
S0916        -4.3      0.7        47303        64407      300      2.7    209.4
S0674         3.7      0.9        24040        31321      300      2.8     64.8
S0784        -2.0      0.9        28343        49897      300      1.3    355.5
S0503        -4.5      1.9        56256        64800      300      1.6     87.0
S0291        -2.7      1.3        31732        48580      300      1.6    113.6
S0600        -2.3      1.0        33011        53028      300      1.4    281.4

// === Cluster 91 (8 stops, vol=15.9m3, center=(-13.43,-7.08)) ===
S0599       -15.3     -6.6        30062        48806      300      2.9    214.4
S0714       -11.2     -5.5        37771        58099      300      2.6    353.7
S0775       -13.5     -8.0        29001        49697      300      2.7    152.9
S0538       -11.7     -6.1        57031        64800      300      0.7    359.4
S1038       -12.7     -8.4        51892        64800      300      1.9    297.3
S0850       -14.4     -7.7        56437        64800      300      1.5    283.3
S0177       -15.3     -6.4        21675        38187      300      2.0    137.3
S0353       -13.3     -7.9        21909        37962      300      1.6    340.3

// === Cluster 92 (8 stops, vol=15.9m3, center=(-11.50,-16.94)) ===
S0686       -10.7    -17.1        46897        60761      300      2.6    127.7
S1019       -11.9    -16.6        21679        32987      300      2.3    144.2
S0737       -10.6    -15.4        24196        32552      300      0.5    244.8
S0219       -12.7    -17.1        47279        60022      300      2.7    104.6
S0768       -11.7    -16.2        45443        56235      300      2.8    148.1
S0510       -11.5    -16.3        52838        64800      300      2.8    294.2
S0891       -13.4    -18.1        22860        33569      300      0.7    244.1
S0145        -9.5    -18.7        29489        47974      300      1.5    198.3

// === Cluster 93 (8 stops, vol=15.4m3, center=(-6.43,-17.44)) ===
S0626        -7.4    -17.5        56143        64800      300      2.8    393.4
S0311        -7.9    -18.1        52275        64800      300      2.1    116.2
S0327        -4.6    -18.8        32185        44853      300      2.2    393.8
S0559        -7.1    -17.1        34340        43908      300      2.0    279.6
S0297        -6.6    -17.1        28745        49403      300      2.0    360.3
S0265        -6.2    -17.4        54299        64355      300      2.3    264.5
S0601        -6.0    -16.9        39084        59001      300      1.0    150.6
S0329        -5.6    -16.6        37111        57101      300      1.0     65.5

// === Cluster 94 (8 stops, vol=15.7m3, center=(0.49,-3.76)) ===
S0075         1.4     -2.5        26279        41331      300      0.8     78.8
S0573        -0.0     -4.8        36280        48402      300      2.2    100.1
S0102         1.5     -4.6        42928        59085      300      2.4    194.8
S0876         1.6     -3.1        42597        57963      300      2.7     75.7
S1039        -0.3     -4.9        26283        47188      300      2.7    114.2
S0427        -1.1     -3.0        38293        52100      300      1.1     81.7
S0447        -0.7     -3.4        22527        32921      300      2.0    374.8
S0425         1.5     -3.8        41962        55053      300      1.8     52.5

// === Cluster 95 (8 stops, vol=16.0m3, center=(-2.05,-2.86)) ===
S0024         0.8     -2.3        29288        48200      300      0.8    389.3
S0104        -2.5      3.4        21725        30534      300      2.6    180.9
S0999        -3.2     -4.3        48285        64685      300      1.9    167.2
S0636        -1.6     -3.4        23081        44415      300      1.9    334.4
S0920        -0.7     -4.4        35037        54816      300      1.8    327.9
S0856        -2.6     -2.7        37971        54271      300      1.4    106.5
S0352        -2.3     -4.4        47538        64731      300      2.8    243.5
S0400        -4.3     -4.8        44753        58453      300      2.8    399.9

// === Cluster 96 (8 stops, vol=15.7m3, center=(2.35,-17.39)) ===
S0042         0.5    -16.2        57027        64800      300      3.0    320.1
S0683         1.8    -17.6        43394        62033      300      2.9     95.7
S0472         2.5    -17.3        37350        53120      300      0.9    371.2
S0105         2.1    -16.8        26568        38926      300      2.2    258.3
S0092         3.7    -16.2        47608        61398      300      1.4    394.5
S0126         3.6    -18.5        52165        64525      300      2.0    210.0
S0978         3.6    -17.6        48889        61795      300      2.1    200.2
S0640         1.0    -18.9        28831        50287      300      1.2     90.4

// === Cluster 97 (8 stops, vol=16.0m3, center=(4.90,-15.52)) ===
S0739         4.8    -15.4        52565        64300      300      2.7    235.3
S0090         6.2    -17.0        43120        57003      300      1.8    309.7
S0269         3.9    -13.5        43260        60751      300      1.6    102.0
S0459         4.0    -11.4        42216        56527      300      1.6    300.5
S0564         4.7    -18.9        33536        44231      300      2.4    264.9
S0198         7.1    -15.6        28016        40155      300      2.4     71.8
S0646         1.9    -14.9        33207        47134      300      2.8    321.2
S0405         6.6    -17.5        40697        55279      300      0.7    134.0

// === Cluster 98 (8 stops, vol=15.7m3, center=(9.50,-12.99)) ===
S0906         9.8    -11.1        42678        52915      300      0.8    108.7
S0675         8.9    -12.4        43558        53692      300      2.2    295.1
S0808         9.3    -12.4        31703        45000      300      2.2    182.0
S0754        11.2    -13.7        44312        54526      300      2.8    166.3
S0665        10.9    -12.8        45512        54395      300      2.8    372.3
S0207         9.4    -13.2        44991        59962      300      0.6    261.2
S0396         8.0    -15.1        43313        57086      300      1.8    190.6
S0783         8.5    -13.2        45062        64426      300      2.5    103.0

// === Cluster 99 (8 stops, vol=15.4m3, center=(15.59,-18.94)) ===
S0293        16.1    -18.5        38483        51242      300      3.0    113.2
S0358        17.0    -19.3        56407        64800      300      2.6    206.0
S0753        14.4    -19.4        47135        64070      300      1.7    172.8
S0873        16.2    -18.7        39358        53866      300      0.7    359.0
S0429        15.4    -19.9        46676        57770      300      1.2    173.1
S0506        15.0    -18.2        26927        45000      300      1.4    165.9
S0238        15.3    -18.2        43848        61683      300      2.3     69.8
S0547        15.3    -19.3        44078        62328      300      2.5    364.6

// === Cluster 100 (8 stops, vol=15.3m3, center=(11.28,-7.21)) ===
S0272        12.3     -6.7        42451        63761      300      3.0     74.2
S0618        11.3     -9.0        52758        64800      300      2.5    208.4
S0829        12.7     -7.2        55669        64800      300      2.4    240.4
S0627         9.9     -6.0        56051        64800      300      1.1    205.1
S0857        10.2     -5.7        24215        42233      300      0.7     53.6
S0515        12.2     -8.0        29024        40322      300      2.0    244.4
S0612        10.9     -8.0        55937        64800      300      1.9    388.4
S0216        10.7     -7.1        51154        63629      300      1.7    349.8

// === Cluster 101 (8 stops, vol=15.9m3, center=(8.38,4.70)) ===
S0582         9.5      4.7        43163        62647      300      2.9    375.9
S0156         9.3      3.7        44337        57472      300      2.9    324.4
S0940         8.0      4.6        45729        60128      300      2.4    187.8
S0011         9.3      4.5        57351        64800      300      1.2    188.6
S0054         8.0      6.0        57246        64800      300      1.2    271.0
S0548         6.8      5.4        24704        40993      300      1.9    325.7
S1023         7.3      3.7        33512        50263      300      2.1     85.9
S0776         8.8      5.0        27942        42216      300      1.3    360.5

// === Cluster 102 (8 stops, vol=16.0m3, center=(13.56,8.60)) ===
S0044        14.1      9.6        48503        59693      300      2.9    226.2
S0151        13.1      7.9        49643        64800      300      2.6    215.8
S0758        13.1      8.6        39175        57349      300      2.4    343.8
S0745        13.4      9.1        36957        52037      300      2.2    368.4
S0420        12.4      7.0        26415        45552      300      1.4    287.0
S0592        14.0      8.9        42385        61446      300      0.7    196.0
S0202        14.8      8.9        28014        41605      300      1.7    182.9
S1014        13.6      8.8        33499        42875      300      2.1    362.0

// === Cluster 103 (7 stops, vol=15.3m3, center=(15.73,10.34)) ===
S0884        15.8     12.1        30049        45760      300      2.9     85.4
S0331        15.0     11.1        43072        51156      300      2.9    322.7
S0330        16.2      9.3        22106        37486      300      1.6    266.1
S0985        16.2      9.5        57431        64800      300      1.8    297.8
S0910        15.9      9.8        41939        53460      300      1.3    353.2
S0630        15.9     10.2        49056        64800      300      2.4    377.6
S0736        15.1     10.4        25174        34680      300      2.4     64.9

// === Cluster 104 (7 stops, vol=15.2m3, center=(-2.83,14.43)) ===
S0193        -2.1     12.9        52918        61994      300      2.6    189.2
S0872        -1.9     15.3        22280        37999      300      2.5    290.6
S0473        -3.4     13.2        45922        64800      300      2.5    189.1
S0463        -2.2     15.7        57026        64800      300      2.1    270.2
S0165        -4.9     14.3        29999        37546      300      2.1    259.7
S0101        -2.8     14.5        24283        32496      300      1.8    244.3
S0925        -2.5     15.1        48945        64800      300      1.6    236.9

// === Cluster 105 (7 stops, vol=16.0m3, center=(-1.47,7.39)) ===
S0072        -1.2      8.0        22064        42966      300      2.7    267.4
S0621        -1.5      5.0        34865        45822      300      2.7    245.2
S0638        -2.4      8.8        24565        36448      300      2.3    149.0
S0689        -1.0      7.0        23946        33311      300      1.9    383.8
S0520        -1.3      7.9        29673        42464      300      1.8    168.8
S0189        -0.9      7.1        29316        43190      300      1.8    380.5
S0983        -2.0      7.9        34920        43688      300      2.8    106.9

// === Cluster 106 (7 stops, vol=15.9m3, center=(-14.00,4.84)) ===
S0037       -14.5      4.9        22365        39463      300      2.3    234.5
S0620       -13.5      6.1        31674        52063      300      2.7    158.5
S0326       -13.6      5.5        51836        64800      300      2.7     67.6
S1047       -13.6      4.1        39686        56053      300      2.8    241.3
S0247       -14.4      6.2        45438        57014      300      1.2    381.6
S0164       -15.1      4.1        30322        42947      300      2.1    362.7
S0142       -13.3      3.0        28278        46971      300      2.1    311.6

// === Cluster 107 (7 stops, vol=15.9m3, center=(-7.99,12.13)) ===
S0901        -7.7     12.0        21978        30834      300      2.9    369.6
S0443        -7.1     12.5        27213        38281      300      2.9    249.3
S0249        -9.5     11.7        43739        63154      300      2.2    171.1
S0159        -8.8     12.2        52161        63277      300      2.5    136.4
S0741        -6.4     11.8        52631        64800      300      2.8    151.2
S0718        -6.5     12.8        29657        42087      300      1.2    186.4
S0465        -9.9     11.9        47923        64588      300      1.4    209.5

// === Cluster 108 (7 stops, vol=15.8m3, center=(-16.06,9.23)) ===
S0744       -17.0     10.9        34150        47895      300      2.9    270.4
S0568       -16.4      8.2        47168        62151      300      2.9    327.6
S0240       -15.2      8.5        55815        64800      300      2.9    330.4
S0059       -15.5      8.1        36799        57339      300      2.7    264.7
S0144       -15.7      9.9        22999        40040      300      1.6     52.6
S0863       -15.8      9.3        47318        64800      300      1.5    190.7
S0852       -16.8      9.7        53127        64800      300      1.3    271.3

// === Cluster 109 (7 stops, vol=16.0m3, center=(-4.67,-14.66)) ===
S0660        -4.7    -17.1        39466        51648      300      3.0    318.5
S0492        -5.2    -16.0        34904        56147      300      2.6    181.0
S0168        -5.0    -15.7        32329        44881      300      2.3     89.1
S0944        -2.7    -11.9        53154        64800      300      1.1    129.0
S0802        -4.8    -12.5        26798        42506      300      2.5     92.7
S0073        -4.6    -14.9        37121        56221      300      2.8    240.6
S0734        -5.7    -14.5        46908        59017      300      1.7     50.7

// === Cluster 110 (7 stops, vol=15.9m3, center=(4.06,-13.31)) ===
S0474         3.8    -14.4        53921        64800      300      3.0    262.0
S0700         4.8    -13.5        35247        52589      300      2.9    234.9
S0809         7.5    -13.5        31899        44240      300      2.6    226.2
S0728         1.7    -11.8        22818        37636      300      2.7    313.0
S0576         2.0    -14.4        50030        63379      300      2.0    177.0
S0081         2.6    -11.7        32439        50974      300      1.3     99.0
S0450         6.0    -13.9        27872        37683      300      1.4    357.6

// === Cluster 111 (6 stops, vol=15.4m3, center=(5.58,13.40)) ===
S0384         5.6     13.0        25598        39786      300      2.9    288.0
S0789         6.7     12.3        25736        44338      300      2.9     58.0
S0377         5.3     14.4        55334        64800      300      2.5    137.2
S0797         6.7     13.5        26988        43082      300      2.4    198.5
S0826         4.1     13.2        51399        64497      300      2.4    218.0
S1001         5.1     14.0        41713        61452      300      2.3    227.8

// === Cluster 112 (6 stops, vol=14.7m3, center=(-13.43,9.52)) ===
S0299       -13.2     10.5        38874        52777      300      2.9    224.6
S0282       -14.3      9.2        55875        64800      300      2.7    131.2
S0565       -13.0      9.5        32215        53188      300      2.5    330.8
S0389       -13.0      9.0        22240        42857      300      2.3     81.4
S0882       -12.6      9.8        36675        55760      300      2.2    191.6
S0796       -14.5      9.1        31743        50590      300      2.1    100.1

// === Cluster 113 (6 stops, vol=16.0m3, center=(-12.57,8.57)) ===
S0083       -13.5      8.4        35698        53651      300      2.9    379.4
S0822       -12.7      9.1        56335        64800      300      2.6     80.2
S0541       -12.9      7.4        39480        48798      300      2.5     99.2
S0342       -12.0      8.7        36223        56313      300      2.4    323.6
S0171       -12.7      8.4        38929        56713      300      2.8    124.7
S0724       -11.6      9.4        28985        41876      300      2.8    277.2

// === Cluster 114 (6 stops, vol=14.9m3, center=(10.63,-15.75)) ===
S0161        10.8    -15.6        42139        57415      300      3.0    399.2
S0336        10.4    -15.1        37873        59174      300      2.8    107.4
S1033        12.5    -16.1        32856        44353      300      2.7    332.7
S0639        10.5    -17.2        55543        64800      300      2.5    200.4
S0951         9.3    -14.7        43052        50953      300      1.6    203.4
S0575        10.3    -15.8        50077        64800      300      2.3    381.0
