S0400 -20.0000 11.1000 45122 55902 300 1.0000 343.6000
S0924 -19.0000 12.6000 39651 52204 300 0.8000 388.0000
S0598 -18.8000 12.7000 32206 48468 300 1.5000 271.1000
S0152 -19.5000 11.4000 38516 55292 300 0.7000 60.2000
S0091 -18.4000 12.7000 43695 59868 300 2.0000 131.1000
S0226 -19.7000 9.8000 37296 48638 300 0.8000 319.6000
S0890 -18.6000 11.7000 44799 63128 300 0.8000 72.7000
S0456 -18.4000 11.3000 31974 40488 300 0.9000 117.3000
S0267 -18.9000 9.5000 46384 58188 300 1.9000 367.5000
S0173 -19.0000 8.6000 30609 46903 300 1.2000 209.4000
S0902 -17.1000 9.6000 35339 53464 300 2.3000 192.5000
S0519 -16.5000 9.3000 33445 46955 300 0.8000 220.1000
S0957 -1.2000 3.2000 23027 30629 300 2.8000 145.2000
