S0416 1.4000 -11.9000 43799 57859 300 0.5000 278.2000
S0494 0.7000 -11.6000 54502 64800 300 0.7000 76.0000
S0763 2.9000 -11.2000 37201 47119 300 0.7000 240.0000
S0725 -0.3000 -10.1000 46233 53530 300 1.1000 272.0000
S0357 3.0000 -12.1000 32797 48214 300 2.1000 211.9000
S0426 2.5000 -12.2000 46545 60993 300 2.5000 74.3000
S0404 2.4000 -11.7000 22609 36736 300 2.6000 261.6000
S0339 -1.0000 -11.7000 25761 37576 300 1.4000 372.8000
S0801 1.0000 -12.1000 52127 61080 300 2.8000 282.1000
S0022 3.5000 -11.8000 38802 51652 300 1.6000 178.2000
