S0177 13.2000 -19.5000 30529 41601 300 1.6000 226.5000
S0463 11.2000 -19.5000 47433 64221 300 1.5000 126.2000
S0120 12.3000 -18.7000 57574 64800 300 2.5000 137.6000
S0123 10.0000 -18.5000 56950 64800 300 2.1000 296.7000
S0198 11.4000 -17.7000 56632 64441 300 1.3000 181.6000
S0919 11.7000 -17.4000 57204 64624 300 0.7000 128.1000
S0219 10.2000 -17.7000 55785 64800 300 2.9000 184.4000
S0993 10.1000 -17.5000 22310 33700 300 1.6000 215.5000
S0436 8.5000 -17.5000 52672 60144 300 1.0000 321.0000
S0926 1.4000 -0.4000 45744 63204 300 2.5000 76.4000
