S0150 -10.6000 -19.3000 41999 58158 300 2.1000 324.3000
S1077 -11.4000 -17.5000 34043 47154 300 0.6000 100.3000
S0796 -9.0000 -13.3000 26143 47248 300 0.6000 160.3000
S0262 -9.7000 -19.1000 42540 60719 300 0.7000 315.4000
S1042 -10.1000 -18.7000 29636 50226 300 0.8000 164.0000
S1228 -11.3000 -20.0000 52312 60524 300 1.3000 169.1000
S0551 -13.0000 -16.9000 33724 49801 300 2.8000 349.1000
S0800 -9.1000 -16.7000 31604 53188 300 2.7000 77.7000
S0147 -11.6000 -17.5000 32286 53315 300 1.6000 89.1000
S0989 -9.3000 -16.8000 52343 64166 300 2.5000 212.4000
