S0824 7.9000 15.6000 43984 56499 300 0.5000 52.6000
S1092 9.0000 16.5000 28926 42138 300 3.0000 130.4000
S0341 10.8000 14.6000 32991 51432 300 1.1000 333.0000
S0497 9.6000 16.7000 54034 64800 300 2.0000 342.2000
S0659 8.7000 16.3000 25525 43650 300 1.9000 240.4000
S0501 10.6000 16.0000 27823 39088 300 1.8000 175.3000
S0363 10.5000 15.8000 27402 37731 300 2.5000 267.9000
S0334 10.1000 16.7000 27566 48063 300 0.8000 128.0000
S0928 10.2000 15.1000 29460 43822 300 0.8000 274.7000
S0768 10.2000 15.3000 48953 64800 300 1.6000 373.5000
