S0570 13.6000 19.4000 22579 41572 300 0.9000 373.6000
S0194 14.5000 18.6000 39768 58089 300 2.0000 313.2000
S0582 13.2000 19.2000 43911 61794 300 0.8000 359.2000
S0227 14.4000 18.1000 46752 64800 300 0.5000 167.3000
S0784 12.9000 18.6000 25266 42357 300 2.0000 201.8000
S1120 14.1000 17.6000 52741 61202 300 2.7000 359.6000
S0656 15.7000 16.2000 54472 64800 300 1.6000 74.0000
S0153 14.9000 16.7000 54593 64800 300 2.9000 223.6000
S0486 13.4000 17.9000 29411 47209 300 0.7000 57.4000
S0324 12.8000 16.9000 47702 61196 300 1.0000 203.0000
S0109 -0.7000 -2.4000 33042 52216 300 2.4000 391.6000
