S0722 -15.0000 4.4000 52383 64800 300 0.5000 192.9000
S0343 -17.3000 3.9000 27796 36199 300 1.9000 292.8000
S0654 -18.3000 4.2000 36102 49620 300 1.9000 65.6000
S0379 -17.7000 3.4000 41356 50239 300 2.2000 261.3000
S1300 -17.1000 3.9000 39757 49823 300 2.2000 100.9000
S0167 -17.6000 4.8000 25348 44100 300 1.1000 284.9000
S0277 -19.2000 4.7000 49594 62328 300 1.1000 73.7000
S0608 -19.2000 2.8000 23843 39624 300 0.7000 215.2000
S0390 -18.6000 2.6000 51535 64555 300 0.7000 163.6000
S1104 -19.6000 3.3000 45617 55043 300 0.8000 365.1000
S0049 -19.1000 5.5000 26269 37111 300 2.7000 70.7000
