S1141 6.3000 3.2000 53091 64800 300 0.6000 97.6000
S0293 9.1000 4.1000 40585 54255 300 1.4000 165.9000
S1304 7.5000 5.3000 45740 62694 300 1.3000 259.9000
S1277 8.8000 4.8000 48428 64800 300 1.2000 164.9000
S0250 7.2000 1.8000 45944 62238 300 1.0000 103.7000
S0846 9.0000 3.2000 51674 64800 300 0.7000 77.1000
S1197 7.8000 5.2000 55628 64800 300 0.8000 99.9000
S0373 9.7000 4.0000 29364 49943 300 1.5000 130.9000
S1326 8.8000 2.5000 52036 63046 300 1.5000 109.0000
S1071 9.7000 4.8000 47636 62249 300 1.6000 370.9000
S0290 8.7000 3.0000 28099 45267 300 1.6000 220.8000
S0285 7.7000 8.8000 23594 42865 300 2.7000 331.0000
