S1350 -7.6000 4.4000 23796 33396 300 1.3000 341.7000
S1168 -12.3000 8.4000 25853 43694 300 1.2000 308.8000
S1269 -10.9000 5.7000 43146 64469 300 1.1000 117.5000
S0082 -7.3000 4.9000 36426 52360 300 2.5000 243.6000
S0016 -6.0000 3.0000 48146 61655 300 0.6000 138.0000
S1144 -4.8000 5.7000 22459 35303 300 0.6000 110.5000
S0839 -10.5000 7.1000 57441 64800 300 0.9000 376.5000
S0050 -9.2000 6.9000 30965 48543 300 0.9000 107.3000
S0382 -8.0000 5.5000 48214 64800 300 1.5000 148.0000
S0770 -9.4000 7.9000 31823 41243 300 2.6000 85.3000
S0365 -9.7000 5.5000 49420 64800 300 2.6000 232.6000
