S0641 13.0000 4.4000 56380 64800 300 2.1000 232.5000
S0458 12.2000 2.6000 22397 43833 300 0.5000 365.9000
S0322 12.5000 3.9000 52479 64800 300 0.7000 247.1000
S0332 11.5000 3.2000 31877 46532 300 0.7000 74.2000
S1147 11.6000 2.8000 47199 62403 300 0.7000 211.2000
S1039 9.9000 3.6000 38726 58760 300 1.5000 167.8000
S1062 9.2000 4.0000 21983 33025 300 1.3000 389.2000
S0302 12.4000 2.9000 36400 43853 300 1.0000 142.6000
S0556 14.9000 1.2000 48652 62790 300 1.2000 106.6000
S0020 9.2000 5.5000 43268 61297 300 2.6000 152.2000
S0106 8.4000 3.4000 42855 64406 300 0.9000 205.9000
S0833 10.1000 4.5000 40717 55244 300 2.8000 378.8000
