S0555 11.8000 9.4000 32403 46591 300 1.9000 320.3000
S0865 12.7000 7.3000 48291 64800 300 0.8000 279.0000
S1140 11.4000 8.7000 30956 52385 300 1.0000 92.5000
S0609 12.6000 5.4000 36684 46302 300 1.2000 148.2000
S1214 11.1000 7.9000 27714 38322 300 1.2000 174.7000
S0586 11.9000 6.2000 50296 64800 300 2.9000 154.4000
S0961 11.3000 7.2000 42167 58677 300 1.2000 364.1000
S0981 10.7000 7.4000 28971 38852 300 1.6000 52.8000
S1030 11.2000 6.3000 30811 51004 300 1.1000 165.4000
S0566 11.0000 5.5000 57134 64800 300 0.8000 363.6000
S0647 11.0000 5.3000 53843 61834 300 1.3000 325.0000
S0468 -2.5000 -1.1000 25651 42998 300 2.7000 116.8000
