S1245 -4.3000 15.1000 40241 58751 300 0.6000 158.2000
S0971 -6.1000 14.7000 51414 64800 300 2.4000 86.2000
S1044 -6.5000 19.4000 55567 62832 300 2.3000 161.4000
S0197 -6.9000 15.3000 53609 63039 300 1.2000 211.2000
S0039 -4.8000 16.3000 53941 64800 300 1.1000 377.3000
S0583 -7.0000 15.0000 28824 37133 300 2.5000 181.1000
S1153 -2.6000 11.2000 53891 64800 300 0.7000 369.7000
S0042 -6.6000 15.7000 53101 64800 300 1.7000 160.6000
S0910 -4.7000 16.1000 23010 35676 300 1.7000 360.6000
S0502 -5.3000 12.7000 30659 47388 300 1.7000 145.2000
