S0098 -7.7000 -18.5000 52587 64800 300 1.7000 184.1000
S0723 -5.5000 -18.9000 51957 63575 300 0.6000 194.5000
S1154 -4.4000 -19.0000 28484 43600 300 1.1000 348.1000
S0949 -5.7000 -18.2000 41471 61674 300 0.8000 149.2000
S0264 -4.9000 -18.1000 25571 33400 300 1.6000 384.6000
S0793 -6.5000 -15.9000 56809 64800 300 1.4000 120.8000
S0248 -6.3000 -17.4000 44820 53487 300 2.8000 214.8000
S1224 -0.8000 1.2000 54326 63138 300 1.9000 351.1000
S0697 -5.2000 -19.8000 39215 46930 300 2.6000 231.2000
S1125 -5.9000 -19.5000 46310 54812 300 2.7000 130.7000
