S0445 -8.8000 10.6000 36012 56909 300 0.6000 194.0000
S1068 -9.8000 11.1000 56939 64800 300 0.7000 108.7000
S0370 -8.4000 10.9000 56584 64800 300 0.7000 250.8000
S0416 -5.6000 9.9000 53566 64800 300 1.8000 215.8000
S0619 -5.6000 12.0000 23838 42565 300 1.5000 57.2000
S0548 -7.9000 9.8000 50691 59312 300 1.4000 170.9000
S0701 -7.9000 9.2000 49660 59176 300 1.4000 387.5000
S1001 -10.1000 8.9000 50242 59405 300 1.3000 269.3000
S0414 -7.7000 12.3000 24012 34154 300 1.0000 199.7000
S0429 -10.7000 9.9000 44889 64800 300 0.9000 50.7000
S1181 -8.9000 9.8000 26968 42939 300 0.9000 367.6000
S0803 -11.3000 7.6000 56318 64800 300 0.9000 198.6000
S1072 -2.7000 7.7000 52702 64800 300 2.9000 118.0000
