S0206 9.5000 9.4000 46056 53643 300 2.1000 359.9000
S1340 8.9000 10.9000 36979 49751 300 1.0000 91.0000
S1070 7.9000 9.9000 49947 60584 300 1.0000 301.0000
S0149 9.1000 10.0000 36615 53848 300 2.4000 255.6000
S0853 7.9000 10.1000 28133 47962 300 0.9000 231.1000
S0956 8.1000 5.7000 38320 46759 300 0.7000 120.2000
S0040 7.3000 10.2000 36874 56522 300 0.8000 290.5000
S0977 10.1000 11.7000 29567 43000 300 2.6000 140.4000
S0561 9.7000 10.1000 44614 64453 300 1.7000 165.5000
S0913 8.7000 9.5000 29305 49373 300 2.5000 222.4000
