S0521 9.3000 -16.1000 21850 36635 300 0.5000 155.5000
S0966 8.4000 -12.2000 41541 58141 300 1.8000 357.0000
S1198 9.2000 -13.6000 39631 55721 300 2.0000 293.7000
S0301 9.6000 -12.7000 43002 62469 300 1.3000 143.6000
S0424 7.8000 -12.7000 40672 51915 300 2.3000 66.2000
S0890 8.7000 -15.6000 46155 64800 300 2.2000 360.2000
S0850 8.3000 -16.2000 41302 61625 300 1.2000 108.3000
S0464 9.0000 -12.5000 56072 64800 300 2.5000 166.6000
S1253 4.9000 -11.6000 22607 41599 300 0.6000 282.9000
S0729 9.2000 -13.3000 42253 49827 300 1.4000 285.5000
