S0841 -11.8000 18.3000 27897 47290 300 1.3000 63.9000
S0826 -9.2000 17.8000 23903 37800 300 2.3000 171.7000
S0943 -9.2000 18.7000 34898 48104 300 2.6000 399.8000
S0594 -8.4000 16.2000 37450 54499 300 0.7000 308.1000
S0721 -6.8000 15.6000 37265 53539 300 0.7000 203.7000
S0575 -10.7000 18.8000 21788 32252 300 0.9000 287.4000
S0679 -9.5000 17.0000 44915 61378 300 0.9000 99.4000
S0852 -6.3000 16.7000 22345 41598 300 1.5000 377.3000
S0393 -11.3000 19.1000 35576 49588 300 1.6000 191.9000
S0430 -10.8000 18.6000 22712 39303 300 1.7000 380.3000
S0528 -10.2000 17.6000 21823 42458 300 1.7000 106.3000
