S0478 16.1000 -16.7000 44752 61195 300 0.5000 283.9000
S1116 15.6000 -15.9000 38098 51898 300 0.7000 393.5000
S0466 16.8000 -18.1000 22775 41746 300 2.4000 298.7000
S1151 19.3000 -16.2000 38505 53081 300 2.5000 346.9000
S0441 18.8000 -19.5000 33076 40908 300 1.5000 167.4000
S0920 18.9000 -17.9000 26105 44436 300 1.3000 290.9000
S0500 16.6000 -17.8000 53091 64800 300 1.3000 155.5000
S0889 19.1000 -18.0000 35591 49414 300 1.0000 343.5000
S0224 15.5000 -16.6000 46246 64800 300 1.0000 330.0000
S1134 19.1000 -14.9000 25621 37437 300 1.2000 183.1000
S0216 19.8000 -16.1000 23248 42310 300 2.6000 248.6000
