S0525 -19.3000 -15.0000 29231 39481 300 0.5000 151.5000
S1221 -18.6000 -18.0000 22706 37990 300 2.1000 136.2000
S0127 -18.8000 -19.4000 29945 46965 300 2.0000 154.4000
S0860 -19.5000 -18.2000 22725 35146 300 1.4000 230.2000
S0256 -17.8000 -18.0000 52877 64800 300 1.3000 68.3000
S0181 -19.6000 -16.8000 28497 41545 300 2.2000 312.8000
S0909 -17.7000 -16.9000 39544 48771 300 2.2000 92.3000
S0274 -19.5000 -19.2000 44134 55109 300 1.0000 279.9000
S0402 -16.6000 -17.6000 36022 51564 300 0.8000 163.2000
S0104 -19.2000 -16.0000 35539 53193 300 0.9000 313.2000
S1268 -19.7000 -16.8000 47348 55248 300 1.5000 78.8000
