S1180 -0.2000 3.0000 23538 38455 300 0.7000 168.1000
S1258 -0.8000 4.1000 38656 59438 300 1.1000 57.8000
S1335 -0.8000 5.7000 54564 64800 300 1.1000 352.3000
S1003 -4.8000 5.5000 44852 60299 300 2.0000 392.7000
S0292 -2.3000 6.0000 25347 43945 300 2.4000 235.3000
S1179 0.4000 4.8000 51501 64800 300 1.4000 86.7000
S0375 -0.9000 5.5000 53076 64590 300 1.3000 50.9000
S0904 -4.0000 7.8000 53766 64800 300 2.3000 227.2000
S0693 0.5000 4.9000 33757 49359 300 1.2000 275.3000
S0897 -0.7000 5.6000 46475 54112 300 0.9000 169.3000
S0710 -0.9000 4.5000 56335 64800 300 0.8000 74.6000
S0964 -1.5000 1.6000 46605 64800 300 0.8000 233.3000
