S0178 -2.1000 4.5000 42609 57700 300 2.1000 394.0000
S0612 2.4000 2.3000 26960 34612 300 2.1000 148.0000
S0745 -1.8000 10.3000 28122 38010 300 0.5000 227.2000
S1103 2.6000 8.4000 28331 49239 300 0.6000 167.2000
S1093 2.7000 8.0000 25990 42340 300 0.6000 224.9000
S0812 1.7000 3.0000 45255 55344 300 0.6000 324.7000
S0955 1.3000 0.5000 54805 64800 300 0.6000 52.0000
S1005 0.2000 4.1000 43447 59529 300 3.0000 174.2000
S0893 4.1000 8.1000 55404 64800 300 1.1000 76.9000
S0398 2.8000 7.3000 56722 64800 300 2.4000 61.8000
S1199 3.0000 7.4000 24264 44231 300 1.2000 137.6000
S1015 3.5000 8.8000 47918 62649 300 1.2000 363.2000
