S0083 17.7000 14.8000 30903 40822 300 2.0000 214.3000
S0847 19.2000 11.2000 48721 60179 300 2.0000 168.4000
S0175 17.1000 11.5000 36289 52173 300 1.4000 213.3000
S1109 18.6000 11.7000 57251 64800 300 1.1000 253.6000
S1331 16.9000 13.1000 30752 51884 300 2.6000 346.6000
S0438 19.9000 13.1000 56985 64800 300 2.6000 89.3000
S0446 16.9000 14.7000 45002 52299 300 0.8000 160.4000
S0795 19.0000 10.9000 46229 64373 300 0.8000 249.1000
S0361 18.6000 11.3000 46276 58510 300 0.9000 185.7000
S0069 18.7000 12.7000 36237 54044 300 1.7000 346.1000
