S0921 -10.9000 19.3000 40775 51844 300 2.1000 237.4000
S0014 -13.7000 19.0000 35171 51434 300 0.6000 185.7000
S0247 -13.0000 16.7000 31864 52883 300 1.1000 150.7000
S1346 -13.1000 19.3000 53726 64800 300 1.1000 337.2000
S0362 -13.6000 19.6000 27444 34911 300 1.8000 372.7000
S1112 -12.5000 19.6000 29660 49965 300 1.3000 292.5000
S0787 -11.8000 19.5000 28520 47992 300 1.3000 219.4000
S0077 -12.8000 18.4000 42987 56517 300 1.3000 79.0000
S0360 -14.0000 17.2000 28300 37769 300 1.0000 337.2000
S0498 -13.8000 19.6000 36393 57621 300 2.3000 238.6000
S0442 -12.2000 18.0000 49905 64800 300 1.2000 348.5000
S1054 -14.0000 17.8000 53806 62049 300 0.9000 339.7000
