S1250 -12.4000 12.6000 37682 54495 300 1.3000 111.8000
S0185 -10.9000 11.9000 49921 61493 300 1.0000 71.6000
S0621 -11.5000 11.9000 50637 64800 300 2.4000 194.8000
S0356 -15.1000 13.1000 31566 49584 300 2.4000 279.4000
S0132 -10.8000 13.1000 53059 63510 300 0.7000 299.4000
S0670 -11.9000 13.3000 34048 51864 300 0.7000 353.2000
S0041 -12.6000 13.6000 32905 44504 300 1.4000 368.8000
S0625 -13.4000 13.2000 37864 51735 300 2.6000 141.9000
S0317 -11.5000 11.4000 56959 64800 300 1.7000 232.1000
S0713 -10.7000 10.6000 21819 30526 300 1.6000 138.1000
