S0261 6.8000 -16.1000 24674 42863 300 2.1000 337.4000
S1191 1.8000 -15.3000 50274 64800 300 0.7000 286.7000
S1262 6.1000 -14.2000 32585 50732 300 1.9000 332.6000
S0595 8.0000 -16.4000 41291 61598 300 1.8000 50.3000
S0813 5.7000 -15.1000 33218 52381 300 1.3000 276.7000
S0359 4.6000 -15.8000 24012 37011 300 1.0000 226.8000
S0815 6.5000 -14.1000 22754 32675 300 2.3000 397.8000
S0289 5.0000 -17.6000 26730 39300 300 0.9000 161.5000
S0459 6.5000 -15.3000 30383 43144 300 0.8000 363.7000
S0589 5.0000 -15.7000 24148 36536 300 1.6000 184.9000
S0168 7.2000 -13.6000 48325 64800 300 1.6000 302.1000
