S1238 3.3000 -14.4000 30177 41696 300 2.1000 98.7000
S0228 1.0000 -13.6000 31057 44649 300 0.6000 231.7000
S0912 0.6000 -12.9000 44446 53068 300 1.1000 182.8000
S0887 2.6000 -14.6000 33656 50706 300 2.0000 332.6000
S0515 2.1000 -14.2000 46203 60345 300 2.0000 301.5000
S0148 2.1000 -13.2000 48338 64800 300 2.0000 300.7000
S1172 2.7000 -12.1000 54925 63818 300 1.9000 278.7000
S0383 2.0000 -11.4000 47241 54454 300 1.3000 368.1000
S0177 2.4000 -9.6000 35236 52617 300 1.3000 208.9000
S1194 3.0000 -14.3000 50174 64800 300 1.7000 346.1000
