S0762 -15.7000 16.6000 22979 43901 300 1.8000 67.6000
S0781 -16.4000 16.2000 57262 64800 300 2.1000 56.7000
S0031 -16.3000 17.5000 30605 51737 300 2.2000 102.7000
S0095 -17.1000 17.2000 44348 62997 300 0.6000 333.9000
S1096 -13.8000 15.6000 53347 64800 300 0.7000 314.9000
S1106 -16.9000 16.2000 43498 53439 300 0.8000 124.9000
S0444 -16.4000 17.0000 45000 58436 300 0.7000 178.7000
S0084 -17.8000 17.3000 32623 53323 300 0.7000 339.6000
S1330 -15.6000 18.5000 35948 57221 300 0.9000 342.7000
S0051 -17.8000 19.7000 32368 51174 300 2.2000 62.9000
S1195 -17.6000 16.7000 29316 42569 300 1.4000 301.8000
S0422 -17.7000 16.6000 57136 64444 300 1.5000 256.1000
