S0411 4.4000 2.3000 44479 60692 300 0.6000 73.0000
S0443 5.1000 4.1000 39319 57852 300 3.0000 362.1000
S0002 7.0000 1.8000 22778 39362 300 2.2000 123.8000
S0484 6.7000 3.5000 43118 60820 300 2.2000 336.5000
S0535 3.7000 5.1000 32857 53561 300 1.1000 235.1000
S0970 2.9000 4.5000 49845 64800 300 1.3000 279.7000
S0314 3.4000 5.3000 39984 53233 300 1.0000 334.1000
S0758 1.9000 2.5000 23987 41066 300 1.2000 395.0000
S1215 6.0000 5.1000 33879 54924 300 0.9000 100.2000
S0211 4.3000 2.3000 52409 64800 300 0.9000 116.4000
S0299 4.2000 4.8000 56176 64800 300 1.6000 330.9000
