S1008 1.8000 -7.1000 45790 53612 300 1.8000 56.6000
S1170 1.0000 -5.2000 45632 60577 300 2.1000 272.3000
S0573 1.6000 -4.8000 37867 54572 300 2.2000 313.2000
S1310 1.1000 -2.4000 27798 48264 300 1.0000 339.3000
S0945 3.1000 -1.8000 27627 39839 300 1.3000 335.4000
S0643 3.1000 -3.1000 55730 64800 300 1.3000 87.8000
S0325 2.3000 2.0000 57463 64800 300 1.4000 83.0000
S0377 4.8000 1.9000 33933 48992 300 1.4000 230.1000
S0783 4.0000 -2.8000 55197 64800 300 1.5000 102.1000
S0328 2.2000 -3.0000 39098 56415 300 1.7000 66.4000
