S0661 17.2000 -9.1000 48417 64800 300 1.9000 221.2000
S0246 16.0000 -11.8000 42108 56607 300 2.3000 136.4000
S0064 19.4000 -8.3000 39508 56594 300 2.2000 336.3000
S1090 17.5000 -8.6000 44338 52627 300 1.1000 380.5000
S0018 17.2000 -9.7000 50028 64800 300 1.1000 226.3000
S0689 16.5000 -11.7000 22358 34376 300 2.5000 137.8000
S0611 19.3000 -10.7000 44433 60370 300 0.7000 329.1000
S0640 17.7000 -9.4000 46915 59162 300 0.7000 137.9000
S0129 13.8000 -5.8000 50710 64800 300 0.7000 319.8000
S1208 17.9000 -9.9000 51223 64800 300 0.9000 298.1000
S0639 17.3000 -9.7000 31713 39847 300 1.7000 266.7000
