S0474 11.8000 -6.4000 46555 61078 300 1.9000 247.5000
S0462 9.3000 -8.0000 36630 46063 300 1.9000 203.7000
S1301 11.1000 -5.7000 46270 61773 300 1.8000 230.4000
S0096 9.3000 -8.1000 37472 53886 300 1.8000 119.2000
S1182 11.3000 -5.9000 51073 64800 300 1.1000 170.0000
S0105 6.2000 -4.2000 52175 64800 300 1.0000 271.4000
S0410 11.4000 -7.0000 39322 47913 300 1.2000 274.3000
S0107 8.0000 -7.9000 30557 42704 300 0.7000 309.6000
S1185 9.8000 -7.4000 29912 42343 300 2.8000 367.7000
S1212 11.3000 -6.8000 44432 52864 300 1.7000 86.3000
