S1218 -7.7000 -11.0000 39271 49285 300 1.9000 76.5000
S0591 -8.5000 -15.7000 53982 64800 300 2.5000 134.2000
S0746 -7.4000 -13.5000 26615 34814 300 0.7000 338.1000
S1207 -6.2000 -12.6000 21953 33396 300 0.7000 84.4000
S1136 -7.1000 -12.5000 48294 64244 300 0.8000 302.6000
S0437 0.5000 -3.5000 35971 49828 300 0.8000 63.5000
S0418 -9.1000 -16.1000 34812 45830 300 1.4000 70.3000
S0998 -9.9000 -12.4000 47528 56870 300 2.6000 356.6000
S0673 -8.5000 -16.4000 53375 64800 300 2.7000 79.6000
S1243 -7.7000 -14.5000 40281 57644 300 1.7000 59.9000
