S0234 -14.1000 14.9000 22957 34989 300 3.0000 343.5000
S1295 -10.3000 14.6000 34487 42272 300 0.7000 248.4000
S0392 -10.9000 14.0000 54329 64800 300 0.7000 394.3000
S0345 -10.5000 13.7000 23530 36934 300 2.0000 384.7000
S1314 -11.8000 13.7000 52414 64800 300 2.5000 123.8000
S0895 -11.1000 16.6000 48001 62792 300 1.5000 156.0000
S0323 -12.4000 13.7000 41203 51886 300 1.4000 358.4000
S0816 -12.8000 16.1000 36882 50148 300 0.9000 77.1000
S0669 -11.0000 14.7000 38897 50705 300 1.7000 352.7000
S1119 -13.3000 16.7000 47176 57666 300 1.6000 290.3000
