S0435 -13.7000 4.5000 28654 39941 300 1.1000 56.3000
S0638 -13.1000 5.0000 38857 55558 300 0.8000 286.2000
S0773 -12.7000 3.9000 38250 54218 300 0.8000 79.2000
S0685 -11.6000 4.8000 50285 64800 300 1.0000 225.7000
S1270 -12.1000 3.1000 35145 53237 300 0.8000 79.1000
S1289 -11.6000 4.4000 43839 54000 300 0.7000 260.1000
S0312 -13.4000 6.5000 25400 43468 300 1.9000 136.2000
S0011 -11.9000 3.7000 45777 60055 300 1.8000 208.9000
S0892 -13.6000 5.0000 38485 53602 300 1.7000 351.8000
S0797 -11.1000 3.6000 21720 36586 300 1.7000 55.3000
S0372 2.1000 1.6000 44199 52339 300 1.7000 158.1000
S1038 -12.2000 3.7000 55923 64800 300 2.9000 327.4000
