S0023 -4.4000 5.6000 39707 57641 300 0.7000 270.1000
S0112 -4.3000 10.6000 23071 39107 300 1.1000 106.8000
S0739 -4.9000 10.9000 38501 45906 300 1.8000 393.0000
S0868 0.1000 6.7000 45433 64518 300 1.5000 337.8000
S0103 0.8000 4.4000 38410 49864 300 1.5000 55.4000
S1150 1.4000 5.2000 29000 49625 300 1.5000 139.4000
S0409 -4.8000 11.2000 29947 37954 300 1.5000 343.7000
S0172 -4.3000 12.4000 36881 58040 300 1.5000 309.0000
S0674 -4.6000 9.8000 30066 43390 300 2.3000 94.2000
S0270 -4.7000 11.1000 45355 55322 300 2.6000 122.0000
