S0120 -19.4000 15.4000 28260 42249 300 1.8000 106.6000
S1280 -18.9000 14.0000 55813 64800 300 1.8000 275.2000
S0482 -19.1000 15.8000 45905 56049 300 2.1000 116.8000
S1338 -17.8000 14.4000 47821 64800 300 0.6000 226.8000
S0171 -19.3000 12.6000 27258 36879 300 0.7000 315.7000
S0035 -18.9000 17.0000 41917 62363 300 0.8000 333.1000
S0346 -18.6000 17.3000 47018 64800 300 0.8000 257.8000
S0161 -17.9000 16.2000 51527 64800 300 0.8000 329.8000
S1157 -19.9000 13.2000 38798 59078 300 0.8000 223.3000
S0791 -18.9000 16.2000 37331 56984 300 1.3000 152.4000
S0376 -19.0000 16.8000 53734 62065 300 2.7000 288.5000
S1342 -19.5000 16.8000 34136 48459 300 1.5000 323.7000
