S0047 14.4000 -4.8000 54077 64688 300 1.9000 369.9000
S0191 12.8000 -7.6000 43806 57398 300 1.8000 126.9000
S0326 13.3000 -5.9000 47805 57905 300 1.3000 293.0000
S0821 14.4000 -7.1000 55637 64800 300 1.0000 392.4000
S0622 13.5000 -4.3000 32759 47801 300 1.0000 303.2000
S0750 13.7000 -7.6000 26083 46456 300 1.2000 175.7000
S0024 13.3000 -5.0000 57074 64800 300 2.6000 211.1000
S1160 11.6000 -6.8000 30536 38905 300 0.8000 276.7000
S0607 13.4000 -6.6000 28338 43116 300 1.5000 191.9000
S0166 12.8000 -5.7000 31339 44146 300 2.8000 382.6000
