S0055 -13.9000 -8.0000 45648 64800 300 2.1000 367.9000
S0258 -15.0000 -6.9000 36132 49157 300 0.5000 73.8000
S0634 -13.8000 -5.7000 49021 62507 300 1.1000 313.4000
S1248 -14.3000 -6.1000 36826 48546 300 1.8000 137.5000
S0580 -15.9000 -8.9000 46182 56065 300 2.4000 231.6000
S0935 -14.8000 -8.1000 50710 64800 300 2.5000 70.5000
S1320 -16.3000 -2.4000 52911 64800 300 2.3000 354.4000
S0623 -14.7000 -6.6000 33484 41179 300 0.9000 222.4000
S0469 -15.1000 -7.2000 32317 42882 300 0.8000 185.3000
S1124 -14.8000 -7.1000 37994 55753 300 0.8000 51.3000
S0059 -14.0000 -7.7000 30181 39689 300 0.8000 246.4000
