S1110 15.2000 -15.2000 31457 42610 300 0.9000 354.4000
S0863 14.8000 -13.0000 52649 62799 300 0.7000 297.2000
S0549 14.0000 -13.3000 23170 38818 300 2.2000 180.0000
S0817 18.2000 -14.2000 31159 43557 300 1.4000 253.4000
S0193 14.1000 -13.2000 57355 64800 300 1.4000 319.4000
S0870 16.0000 -13.9000 47228 56469 300 2.0000 108.0000
S0125 17.1000 -15.4000 56593 64800 300 1.9000 294.4000
S0318 15.7000 -14.6000 28802 43575 300 2.9000 214.7000
S0008 16.5000 -13.0000 45885 60674 300 1.8000 335.1000
S1307 -1.7000 -1.1000 33753 55060 300 1.7000 66.8000
