S0030 -15.3000 -19.5000 36796 46469 300 0.6000 75.4000
S0311 -14.0000 -19.0000 48228 64800 300 0.7000 80.6000
S1276 -15.2000 -17.2000 24933 37128 300 0.8000 67.6000
S1143 -13.8000 -17.2000 22838 30364 300 0.5000 387.0000
S0834 -12.4000 -17.5000 43342 53636 300 0.9000 111.3000
S0543 -12.0000 -19.4000 37984 53881 300 1.7000 378.7000
S0806 -14.0000 -18.3000 44934 57374 300 3.0000 249.6000
S0545 -13.6000 -19.2000 22598 37364 300 1.1000 209.4000
S0496 -0.6000 1.9000 53011 64800 300 1.2000 331.8000
S0779 -15.0000 -18.6000 43646 64800 300 2.4000 192.3000
S0915 -12.7000 -19.5000 31949 49995 300 2.2000 375.9000
S0310 -16.0000 -17.8000 25765 42564 300 1.4000 75.6000
