S0432 -2.2000 -13.4000 40512 54163 300 0.9000 361.0000
S0340 -4.4000 -12.6000 49391 63062 300 1.1000 397.6000
S0144 -4.3000 -12.4000 29075 36582 300 1.3000 274.0000
S0572 -5.0000 -12.1000 55999 64800 300 0.6000 164.9000
S0516 -4.8000 -12.1000 30053 37345 300 1.0000 247.7000
S0198 -3.1000 -12.3000 46011 58691 300 1.3000 324.8000
S0034 -4.8000 -11.6000 27481 45058 300 2.3000 284.6000
S0524 -2.3000 -12.0000 38428 49392 300 0.6000 352.0000
S0288 -3.5000 -11.3000 26086 38034 300 2.4000 56.1000
S1285 -3.4000 -11.1000 47283 58375 300 1.8000 304.8000
S0774 -4.1000 -10.8000 26148 36392 300 0.7000 198.9000
S0032 -3.6000 -10.5000 35514 54992 300 1.3000 212.3000
S0782 1.7000 0.6000 51603 62602 300 2.6000 142.2000
