S0838 3.8000 18.3000 48569 60707 300 0.6000 216.2000
S0828 4.0000 19.9000 25011 33892 300 0.7000 109.1000
S0994 5.9000 18.3000 32682 52907 300 0.7000 163.7000
S0644 4.0000 19.5000 24127 35687 300 1.1000 91.6000
S0173 4.9000 18.1000 55374 64190 300 1.1000 317.8000
S1213 5.7000 17.8000 32756 51948 300 1.1000 342.7000
S0078 5.2000 17.1000 41380 54323 300 1.9000 232.1000
S0885 3.6000 19.7000 53067 61732 300 2.5000 101.8000
S0480 5.7000 18.9000 52151 64800 300 1.4000 354.5000
S0946 3.7000 11.4000 57095 64800 300 1.2000 125.1000
S0396 3.4000 17.4000 50410 57996 300 0.9000 244.4000
S0819 5.1000 17.1000 23790 44448 300 2.8000 178.1000
