S0527 -9.5000 -6.5000 26493 40551 300 1.1000 87.0000
S0867 -11.5000 -6.1000 44459 55405 300 2.0000 169.6000
S0735 -12.4000 -7.6000 56293 64800 300 1.8000 70.2000
S0805 -13.8000 -4.9000 56612 64800 300 2.4000 211.1000
S0818 -11.9000 -5.3000 39198 50886 300 2.5000 106.5000
S0179 -14.1000 -5.0000 49213 64800 300 1.4000 248.0000
S0394 -13.4000 -5.5000 38121 55586 300 1.4000 237.5000
S0932 -16.1000 -0.9000 45728 64800 300 1.4000 95.2000
S0602 -13.1000 -4.4000 53486 64789 300 1.2000 109.1000
S0840 -12.8000 -5.7000 31202 41172 300 0.8000 82.2000
