S0709 4.7000 7.4000 54894 64800 300 2.1000 116.6000
S0642 4.3000 8.4000 48257 61099 300 0.5000 219.8000
S0902 1.6000 11.1000 39279 52085 300 0.6000 326.6000
S0676 4.3000 12.0000 55413 64800 300 3.0000 234.7000
S0044 1.7000 9.4000 34445 48545 300 1.1000 336.8000
S0260 3.3000 9.7000 50263 60968 300 1.9000 262.6000
S1223 2.9000 1.5000 46580 64800 300 1.8000 318.5000
S0980 4.5000 11.0000 49652 64800 300 2.4000 116.9000
S0614 1.0000 10.2000 44009 63878 300 1.0000 292.2000
S0170 2.1000 10.6000 29970 38022 300 1.6000 284.4000
