S0599 9.5000 -10.2000 46361 58835 300 2.2000 193.4000
S0858 5.1000 -9.9000 33947 41511 300 1.2000 332.2000
S0794 5.0000 -9.1000 49111 57040 300 1.0000 123.3000
S0294 5.9000 -10.6000 27373 44521 300 1.0000 80.1000
S0245 8.2000 -11.4000 47403 62585 300 1.1000 334.6000
S0677 4.3000 -8.9000 23114 32631 300 1.1000 115.2000
S0585 2.7000 -6.1000 47758 59677 300 0.8000 268.8000
S0063 6.9000 -9.2000 40312 51938 300 1.5000 113.7000
S0065 6.5000 -9.7000 33869 41569 300 2.6000 86.1000
S0648 10.3000 -9.1000 56459 64800 300 1.7000 368.9000
S0862 7.4000 -12.3000 51029 64800 300 1.6000 129.2000
