S0461 -18.5000 -13.8000 38599 48570 300 2.1000 225.6000
S0520 -16.9000 -16.2000 32849 44062 300 2.3000 211.1000
S0162 -17.1000 -15.5000 43437 60060 300 2.2000 140.2000
S0048 -18.9000 -13.9000 54207 64800 300 2.5000 252.6000
S0755 -17.5000 -13.3000 49632 64502 300 2.5000 174.4000
S0627 -18.2000 -15.3000 24770 33967 300 0.7000 361.1000
S0624 -16.4000 -14.3000 55410 64800 300 0.7000 381.7000
S0473 -19.5000 -13.5000 29273 44222 300 0.6000 297.6000
S0825 -19.2000 -14.4000 37896 53344 300 0.8000 157.8000
S1028 -17.2000 -13.9000 24282 39651 300 1.4000 246.1000
