S0741 -7.5000 -4.8000 44664 54015 300 0.6000 160.0000
S1018 -6.5000 -5.1000 48852 64800 300 1.1000 171.6000
S0491 -9.4000 -4.6000 30811 43206 300 1.8000 348.5000
S0155 -6.8000 -3.8000 27829 45076 300 1.8000 243.2000
S0374 -6.5000 -6.1000 33967 49344 300 2.5000 386.8000
S0871 -3.2000 -4.5000 37255 47641 300 1.5000 111.4000
S0475 -6.9000 -3.7000 22100 36184 300 1.5000 311.4000
S0593 -4.6000 -3.8000 26998 34371 300 1.3000 286.5000
S1348 -9.2000 -5.9000 24071 43071 300 2.3000 236.9000
S0241 -9.2000 -4.6000 57499 64800 300 0.8000 328.5000
S1022 -4.4000 -3.7000 35029 53290 300 0.8000 115.2000
