S0675 -15.0000 -9.6000 54976 64138 300 0.5000 103.6000
S0338 -15.8000 -9.4000 56646 64800 300 2.2000 324.3000
S1329 -13.8000 -9.4000 44113 60244 300 1.1000 140.7000
S0440 -13.9000 -10.1000 40571 56315 300 2.0000 318.0000
S0724 -14.6000 -8.9000 51743 64800 300 1.8000 304.1000
S0769 -15.4000 -11.2000 29243 41910 300 2.4000 195.4000
S0823 -14.3000 -11.5000 29156 49606 300 2.4000 184.4000
S0062 -13.9000 -10.4000 53240 64800 300 1.0000 203.3000
S0358 -15.4000 -10.1000 46782 55047 300 0.9000 81.6000
S0891 -14.3000 -9.3000 30118 48274 300 0.9000 224.4000
S1255 -15.6000 -10.1000 34024 43067 300 0.8000 318.2000
