S0504 -20.0000 -8.2000 37497 51886 300 2.1000 232.0000
S0110 -19.8000 -4.8000 27353 35221 300 0.5000 133.1000
S1065 -18.9000 -8.7000 29027 48279 300 0.7000 114.6000
S0319 -19.3000 -6.2000 26678 46055 300 1.8000 95.0000
S0415 -19.9000 -4.7000 37928 53663 300 1.4000 291.1000
S0962 -19.8000 -6.9000 27967 41086 300 1.0000 232.3000
S0876 -17.7000 -7.3000 45043 53772 300 1.2000 257.8000
S0899 -19.5000 -7.0000 56565 64800 300 1.6000 144.2000
S0569 -17.9000 -7.3000 48489 58274 300 2.9000 336.1000
S0354 -19.6000 -4.6000 32087 41072 300 2.8000 379.0000
