S0508 16.8000 8.9000 40695 56952 300 0.6000 55.2000
S0617 16.2000 5.4000 48032 55577 300 0.7000 144.7000
S0804 14.6000 8.1000 47242 64800 300 0.9000 213.5000
S0019 16.6000 7.4000 55653 64800 300 1.1000 163.1000
S1131 16.0000 7.5000 28128 40923 300 2.1000 229.7000
S1264 14.8000 7.8000 27503 39415 300 2.1000 279.1000
S0297 16.1000 8.5000 35180 52024 300 2.4000 233.5000
S0786 14.6000 9.0000 56530 64800 300 2.3000 301.2000
S0930 15.8000 8.2000 29617 44839 300 1.3000 233.4000
S0706 16.9000 8.9000 31328 50023 300 2.0000 242.9000
