S0490 14.4000 5.0000 47454 61133 300 2.1000 304.7000
S1192 16.1000 4.4000 51298 60929 300 0.6000 287.1000
S1040 14.7000 7.5000 22061 34495 300 2.2000 216.6000
S0092 15.6000 4.5000 24110 45692 300 1.1000 375.7000
S1105 14.9000 6.9000 28017 48461 300 1.9000 208.5000
S1282 15.3000 4.2000 51994 62960 300 1.9000 387.5000
S1279 17.3000 1.9000 51592 64524 300 2.5000 350.6000
S0736 12.9000 4.3000 46160 53576 300 1.5000 222.7000
S1078 15.7000 6.0000 52473 62785 300 1.4000 99.8000
S1193 14.1000 4.0000 55532 64800 300 0.8000 256.9000
