S0230 -13.9000 6.2000 24732 39554 300 0.6000 189.1000
S0305 -10.1000 7.9000 31966 42007 300 2.0000 118.9000
S0600 -13.0000 8.8000 44371 58955 300 1.3000 266.6000
S1031 -14.6000 6.0000 34646 47505 300 1.3000 388.9000
S1265 -14.1000 6.9000 28870 38925 300 1.0000 227.9000
S0973 -13.8000 7.7000 41864 60732 300 0.7000 109.2000
S0888 -12.7000 6.8000 22625 39087 300 0.7000 295.0000
S1128 -13.2000 7.0000 52648 62123 300 2.7000 194.3000
S0604 -14.6000 7.7000 45248 60555 300 2.8000 354.0000
S1202 -13.5000 9.4000 44638 64324 300 2.8000 60.4000
