S0303 -8.0000 15.4000 54263 62790 300 1.4000 310.1000
S0212 -8.1000 14.9000 36302 51666 300 1.0000 84.5000
S0557 -9.4000 13.9000 34122 52905 300 1.4000 200.9000
S0792 -6.7000 13.1000 29111 43324 300 1.2000 143.9000
S0960 -6.0000 13.9000 42986 61441 300 2.1000 235.7000
S1056 -6.7000 13.0000 47799 58261 300 2.1000 179.9000
S0320 -8.5000 15.9000 54832 64800 300 2.2000 398.4000
S0174 -8.8000 15.0000 33803 54673 300 2.2000 95.2000
S1234 -9.1000 15.1000 44423 60891 300 1.5000 360.4000
S0339 -1.1000 2.2000 39629 58370 300 1.9000 164.4000
