S1146 -10.0000 -6.1000 33888 47130 300 3.0000 393.6000
S1203 -9.3000 -7.4000 25168 42455 300 0.7000 321.6000
S0864 -8.7000 -6.5000 29376 41733 300 1.8000 375.5000
S0257 -8.8000 -3.9000 40364 58529 300 2.5000 134.4000
S1209 -9.2000 -6.2000 45789 61648 300 1.5000 223.0000
S1098 -10.3000 -7.4000 37848 50129 300 1.4000 110.8000
S1162 -9.2000 -2.7000 31906 53093 300 1.3000 96.7000
S1011 -10.4000 -6.6000 54291 64800 300 1.2000 191.7000
S1010 -6.7000 -6.0000 50148 62654 300 0.9000 145.5000
S1311 -9.5000 -8.7000 23271 39614 300 1.7000 393.6000
