S0637 9.9000 19.7000 56421 64800 300 0.6000 360.2000
S1317 7.3000 19.5000 28606 49790 300 0.6000 53.2000
S0554 10.5000 17.0000 26955 37222 300 0.7000 163.5000
S0683 10.2000 18.9000 37407 49468 300 2.0000 275.0000
S0686 8.0000 19.7000 47629 64800 300 1.8000 192.6000
S0576 8.2000 16.2000 46965 64257 300 2.4000 172.9000
S0192 11.6000 19.0000 29681 38907 300 2.5000 315.8000
S0630 10.2000 19.7000 40058 52277 300 1.4000 155.9000
S1094 10.0000 17.7000 51827 64800 300 1.3000 395.9000
S0906 8.9000 17.9000 53052 64800 300 2.7000 166.4000
