S1183 16.2000 14.3000 44963 64156 300 0.9000 324.1000
S0727 15.7000 15.4000 34342 48146 300 0.8000 339.4000
S0822 14.4000 13.0000 48160 58695 300 1.0000 266.6000
S0026 11.4000 14.5000 50192 59552 300 1.0000 85.2000
S1114 15.4000 14.9000 39535 54536 300 2.1000 287.0000
S0053 13.9000 15.8000 46803 64800 300 1.7000 375.6000
S0085 13.9000 15.5000 48440 64800 300 1.7000 63.4000
S0189 14.2000 15.7000 26404 42275 300 1.5000 318.3000
S0986 13.0000 16.1000 56788 64800 300 1.5000 96.2000
S0568 15.7000 13.3000 33600 40999 300 1.3000 279.0000
S1190 14.0000 15.3000 28750 43932 300 1.9000 57.2000
