S0022 0.2000 -11.2000 49440 62862 300 0.5000 176.5000
S1032 0.9000 -10.3000 47622 64800 300 0.5000 179.6000
S1161 -0.3000 -12.2000 36305 56513 300 0.6000 186.7000
S0494 -1.5000 -11.9000 44972 61877 300 2.0000 393.7000
S0086 -1.5000 -11.4000 49223 62611 300 1.8000 204.8000
S0406 1.0000 -10.3000 37844 49698 300 1.3000 326.2000
S1286 -1.4000 -12.4000 34075 53633 300 1.1000 248.5000
S1043 -0.5000 -12.6000 22948 35001 300 2.5000 175.0000
S0152 -1.0000 -14.1000 29320 48003 300 2.8000 213.3000
S0827 -0.8000 -12.1000 40171 56523 300 2.8000 312.9000
