S1102 19.5000 -4.0000 45532 53860 300 2.1000 212.5000
S0948 15.9000 -3.3000 22840 40207 300 1.2000 283.4000
S0965 19.9000 -4.2000 50636 64800 300 1.0000 391.8000
S0213 19.3000 -2.5000 27026 34921 300 1.0000 170.0000
S1113 19.4000 -5.1000 31346 45404 300 1.1000 211.0000
S0190 19.7000 -5.2000 41820 58654 300 0.6000 357.7000
S0130 18.7000 -1.0000 28318 42949 300 2.9000 342.8000
S0653 19.9000 -5.9000 27221 45334 300 1.5000 231.4000
S1013 19.3000 -5.3000 29006 44077 300 2.8000 139.7000
S0991 18.0000 -4.5000 30400 50651 300 1.6000 195.1000
