S0631 -9.0000 4.5000 38530 49080 300 0.5000 249.5000
S0914 -11.2000 2.1000 56842 64800 300 0.6000 123.1000
S0471 -8.6000 0.7000 52093 64494 300 1.8000 400.0000
S1252 -10.5000 0.6000 30646 49845 300 2.4000 222.6000
S0533 -7.3000 4.4000 23479 43438 300 2.5000 363.2000
S1206 -9.7000 2.4000 56568 64800 300 1.5000 338.1000
S0200 -9.9000 2.7000 35989 49496 300 1.4000 171.1000
S0235 -8.0000 -0.5000 33867 46780 300 1.0000 218.7000
S1322 -11.2000 1.3000 41588 54236 300 0.9000 247.1000
S1328 -8.9000 4.2000 21713 39972 300 1.7000 159.8000
S0923 -7.2000 -0.9000 23883 41411 300 1.7000 362.6000
