S0719 -0.8000 15.9000 39246 51162 300 1.8000 243.6000
S0651 1.1000 12.8000 39636 53447 300 2.0000 112.9000
S0046 -0.7000 13.4000 36583 50735 300 2.2000 281.0000
S0079 -0.1000 14.7000 50161 64800 300 0.9000 125.3000
S1012 -0.3000 13.7000 30214 46605 300 0.9000 146.4000
S0201 1.2000 13.6000 28500 36995 300 0.9000 181.0000
S0744 -1.7000 11.5000 53409 64800 300 0.9000 167.1000
S1063 0.5000 13.0000 26947 48406 300 0.8000 220.2000
S1047 0.1000 16.2000 47830 60904 300 2.6000 253.9000
S0159 0.9000 15.7000 30543 50752 300 2.8000 305.6000
