S1283 19.2000 19.9000 45041 52365 300 0.8000 299.8000
S1319 18.2000 19.2000 57234 64800 300 1.1000 366.5000
S0808 17.1000 19.3000 34280 55304 300 0.5000 147.4000
S0518 15.9000 19.5000 26196 46755 300 0.8000 108.5000
S0111 15.8000 19.1000 42797 60487 300 1.1000 379.3000
S0552 16.6000 16.5000 33761 48804 300 0.9000 178.7000
S1263 17.9000 19.5000 54249 64800 300 1.8000 262.4000
S0684 -2.2000 2.0000 43416 59212 300 2.9000 51.0000
S0539 16.7000 18.5000 47743 64800 300 1.7000 80.2000
S1244 -2.9000 0.7000 53963 64315 300 2.6000 320.0000
S0657 18.5000 19.2000 21693 36675 300 2.5000 259.4000
