S1188 2.2000 -9.3000 48116 64235 300 0.6000 266.8000
S1086 4.1000 -9.8000 32815 42870 300 2.2000 124.5000
S1099 1.3000 -8.6000 48685 64433 300 1.1000 231.9000
S0333 1.0000 -3.0000 49195 60086 300 1.1000 322.1000
S0447 3.2000 -11.9000 46304 62931 300 2.0000 362.0000
S0937 4.0000 -10.3000 37869 47937 300 1.9000 142.8000
S1060 0.9000 -10.0000 32601 47886 300 2.4000 297.3000
S0366 1.0000 -6.7000 57060 64335 300 1.5000 364.9000
S0071 2.1000 -9.6000 50111 64800 300 1.4000 178.1000
S0725 0.3000 -4.8000 51760 64800 300 1.0000 197.2000
S0777 2.4000 -9.2000 55060 64800 300 0.8000 85.3000
