S0560 4.2000 -4.4000 30670 47612 300 2.1000 216.8000
S0093 5.9000 -3.0000 28887 44563 300 1.4000 302.1000
S1178 7.5000 -1.4000 45605 58737 300 1.4000 106.3000
S0005 4.7000 -2.5000 22537 29897 300 2.2000 361.3000
S1127 6.9000 -0.6000 36192 49587 300 1.2000 298.1000
S0108 4.2000 -0.5000 23411 38537 300 0.7000 135.0000
S0978 7.4000 -2.2000 35951 54046 300 0.8000 174.0000
S0271 8.3000 -4.1000 26020 38623 300 1.5000 164.0000
S0811 6.2000 -3.4000 42045 63413 300 2.9000 340.1000
S1312 7.3000 -1.8000 33058 51061 300 1.7000 257.9000
