S0742 -18.2000 -5.4000 41937 57631 300 1.2000 325.0000
S0134 -17.6000 -6.3000 43371 51374 300 1.4000 249.5000
S0765 -17.2000 -5.9000 51088 61556 300 1.0000 389.3000
S0195 -16.6000 -5.2000 47209 64800 300 1.5000 359.8000
S1327 -17.9000 -5.2000 29230 44544 300 2.0000 73.1000
S1169 -3.8000 1.7000 40093 51014 300 2.4000 180.8000
S0801 -17.0000 -6.6000 50218 64800 300 1.7000 238.6000
S0097 -1.1000 -1.6000 34296 41846 300 1.7000 240.6000
S0984 -17.3000 -4.5000 42983 59755 300 1.6000 60.3000
S0869 -16.5000 -7.6000 45675 56013 300 2.5000 334.9000
