S0722 -10.4000 6.4000 26741 34325 300 2.1000 334.3000
S0150 -8.6000 8.3000 53073 64800 300 2.1000 177.9000
S0311 -10.0000 8.2000 40314 54880 300 2.2000 184.9000
S0921 -10.3000 8.1000 47050 57822 300 1.1000 360.7000
S1512 -9.7000 8.1000 47079 59736 300 1.1000 94.9000
S0186 -9.1000 6.5000 32705 45436 300 1.5000 100.9000
S0712 -7.9000 7.1000 36212 51126 300 1.4000 209.8000
S1297 -7.2000 8.7000 26567 37926 300 1.9000 144.8000
S1506 -11.7000 7.3000 35166 52647 300 1.7000 172.4000
S0569 -8.7000 8.1000 33281 48036 300 0.9000 350.8000
