S1570 -7.2000 2.7000 47825 62286 300 1.1000 305.0000
S1452 -10.5000 3.5000 49111 64800 300 2.0000 273.0000
S1216 -9.5000 3.9000 36550 51628 300 1.2000 346.8000
S1535 -6.6000 3.9000 34721 47620 300 3.0000 156.7000
S0624 -10.8000 2.9000 35242 42484 300 0.7000 277.3000
S0783 -8.9000 2.6000 30413 38476 300 0.7000 156.4000
S0573 -8.8000 1.5000 56850 64800 300 2.9000 113.2000
S0211 -9.8000 3.5000 46097 56917 300 0.8000 98.1000
S0674 -10.5000 1.1000 45035 61953 300 0.8000 294.0000
S1183 -7.7000 1.8000 28137 48671 300 2.8000 384.6000
