S0460 8.0000 18.2000 39705 56334 300 2.1000 395.1000
S0397 4.8000 18.9000 24059 31627 300 2.0000 323.7000
S1207 6.6000 19.4000 32276 46594 300 1.8000 98.2000
S1243 0.6000 18.9000 32463 48028 300 2.6000 331.1000
S0566 5.2000 19.4000 53364 64800 300 1.5000 376.7000
S1482 5.7000 19.7000 36173 48022 300 1.4000 245.4000
S0189 4.1000 19.9000 32010 45645 300 1.0000 364.5000
S0682 4.6000 19.3000 51643 64674 300 1.9000 247.3000
S0432 4.2000 19.1000 43013 60434 300 0.8000 300.5000
S0093 2.4000 18.9000 45381 55993 300 0.9000 132.7000
