S0217 -8.9000 18.6000 27115 38165 300 2.1000 157.0000
S0877 -10.1000 17.7000 40504 57520 300 0.5000 166.3000
S0360 -10.2000 16.8000 43322 62336 300 2.3000 297.1000
S0918 -6.7000 16.1000 36420 49868 300 2.2000 200.9000
S0986 -11.0000 15.3000 37096 52787 300 1.3000 360.1000
S0314 -10.3000 17.2000 54362 64800 300 0.7000 228.0000
S1525 -9.8000 16.8000 41533 50792 300 0.7000 291.6000
S0472 -9.4000 15.9000 29742 46924 300 0.7000 53.6000
S0808 -10.9000 15.6000 52860 64800 300 0.9000 201.2000
S0484 -10.0000 16.9000 43561 57599 300 2.8000 392.6000
S1277 -11.2000 17.1000 34004 48229 300 1.6000 63.2000
