S0997 -5.8000 9.0000 55282 63882 300 1.9000 102.1000
S0044 -4.1000 8.7000 29721 43198 300 1.3000 286.7000
S0669 -4.2000 9.0000 31104 50194 300 1.2000 190.2000
S1181 -4.3000 9.0000 42984 51562 300 0.6000 326.3000
S0849 -4.3000 8.6000 28271 37960 300 0.6000 303.3000
S0578 -1.7000 8.3000 27116 43403 300 2.8000 57.7000
S0938 -4.5000 6.2000 43215 55030 300 1.5000 387.0000
S1007 -3.2000 10.3000 56804 64800 300 1.0000 236.6000
S0751 -3.7000 7.2000 42332 51943 300 2.4000 372.9000
S0612 -4.0000 8.8000 47209 64800 300 2.4000 368.7000
