S0104 -15.0000 -5.6000 44116 53441 300 2.8000 363.9000
S0142 -14.9000 -4.7000 55833 64800 300 0.7000 181.3000
S1472 -13.8000 -6.1000 54386 64800 300 0.6000 216.0000
S0074 -15.0000 -5.2000 25559 39015 300 0.6000 250.2000
S1530 -14.8000 -7.5000 48835 64800 300 2.4000 57.4000
S0735 -14.3000 -4.9000 46147 56781 300 2.3000 69.4000
S0592 -14.7000 -4.2000 51137 64800 300 1.4000 292.1000
S1353 -13.2000 -5.1000 43327 56471 300 1.4000 204.1000
S0193 -15.0000 -5.2000 57195 64800 300 1.5000 382.4000
S1227 -14.6000 -5.1000 40944 56377 300 1.5000 63.0000
