S0992 -16.7000 -11.1000 57494 64800 300 2.3000 78.3000
S0441 -16.5000 -11.0000 41173 50500 300 1.9000 266.5000
S0380 -14.7000 -9.7000 56437 64800 300 1.3000 241.3000
S0185 -16.0000 -11.3000 41393 53717 300 0.6000 144.3000
S1428 -15.2000 -10.9000 50648 64800 300 0.8000 69.9000
S1571 -15.4000 -10.5000 43788 57249 300 1.4000 75.9000
S1117 -16.8000 -10.6000 30315 42102 300 1.7000 188.4000
S0893 -15.5000 -11.0000 55795 64800 300 1.5000 288.0000
S0057 -17.0000 -11.9000 49594 64776 300 2.6000 190.5000
S1266 -18.7000 -11.5000 48287 60262 300 1.6000 383.9000
