S0662 -4.5000 -7.3000 22187 40617 300 2.3000 358.0000
S1476 -5.5000 -6.8000 33076 50980 300 0.6000 237.6000
S1556 -6.4000 -8.8000 24731 38075 300 2.0000 104.9000
S1335 -4.0000 -7.0000 38459 59986 300 1.2000 270.5000
S0696 -3.9000 -8.7000 22819 31559 300 1.0000 209.4000
S0759 -6.0000 -6.8000 41977 56594 300 1.9000 369.0000
S0214 -3.2000 -6.8000 41283 51890 300 1.9000 318.7000
S1046 -6.4000 -8.4000 32595 51655 300 2.9000 235.6000
S0310 -4.8000 -7.3000 45446 64486 300 1.3000 368.0000
S1495 -3.3000 -4.5000 52982 64800 300 0.9000 365.3000
