S0206 -8.8000 10.6000 46620 56553 300 2.3000 259.6000
S0027 -9.6000 11.1000 27260 35613 300 0.5000 285.7000
S0342 -8.2000 10.7000 52967 64800 300 0.6000 294.6000
S0908 -7.8000 12.7000 23459 42022 300 1.8000 321.2000
S0998 -5.0000 11.8000 23117 38235 300 2.6000 312.5000
S0907 -8.7000 12.7000 42678 61851 300 1.5000 192.1000
S1079 -7.7000 12.1000 42239 49710 300 1.5000 143.5000
S1062 -9.0000 12.6000 35837 43458 300 1.3000 344.1000
S1414 -7.7000 13.4000 25183 46671 300 1.3000 161.2000
S1290 -8.3000 14.8000 29313 45882 300 1.7000 133.1000
S0838 -8.2000 13.1000 55623 64800 300 0.9000 196.8000
