S1273 -17.9000 -9.7000 35013 53281 300 2.9000 115.7000
S0331 -19.6000 -8.9000 31575 45575 300 2.5000 237.6000
S0433 -19.4000 -8.0000 53510 64800 300 0.6000 206.4000
S0680 -19.3000 -6.3000 22481 43462 300 0.6000 87.8000
S0639 -19.3000 -9.8000 26744 35678 300 0.7000 234.1000
S0471 -17.9000 -5.0000 57408 64800 300 1.3000 125.4000
S1546 -19.7000 -6.6000 49927 64800 300 1.4000 398.5000
S0514 -18.1000 -6.2000 33321 42184 300 1.4000 254.5000
S1390 -19.2000 -8.4000 23393 35639 300 1.4000 309.0000
S0091 -19.4000 -8.4000 52333 64800 300 1.1000 72.7000
S1251 -19.6000 -7.6000 37657 55532 300 1.1000 160.8000
