S0739 -19.5000 -3.7000 31587 39943 300 0.5000 197.9000
S1256 -19.6000 -1.6000 25662 39489 300 0.5000 393.8000
S1171 -19.2000 -2.8000 26265 37509 300 1.2000 255.5000
S0090 -18.8000 -2.2000 27242 37608 300 1.2000 224.7000
S0794 -18.7000 -3.8000 28851 36445 300 0.7000 294.5000
S1174 -18.7000 -4.1000 44261 55711 300 2.8000 381.1000
S0879 -18.6000 -1.8000 49303 64800 300 2.5000 177.2000
S1363 -18.8000 -2.6000 49834 64800 300 2.7000 380.5000
S0167 -19.0000 -2.9000 26319 42104 300 2.7000 254.9000
S0717 -19.6000 -3.4000 25125 41131 300 0.9000 136.3000
