S0640 18.7000 -4.1000 42627 64168 300 2.0000 326.9000
S0881 16.6000 -1.4000 32453 49710 300 2.9000 296.1000
S1217 15.1000 -1.0000 38914 46609 300 1.3000 274.5000
S0155 18.4000 -2.3000 50547 60103 300 1.2000 126.1000
S1567 19.9000 -2.6000 25254 44370 300 1.1000 112.1000
S1063 18.9000 -2.5000 52876 62419 300 1.1000 74.8000
S0172 17.7000 -1.8000 52556 64800 300 1.1000 378.4000
S0991 17.8000 -2.5000 50375 58767 300 0.7000 194.6000
S0971 16.8000 -2.3000 30360 40950 300 0.7000 140.9000
S1048 16.9000 -3.1000 46787 64800 300 2.7000 218.5000
S1432 19.7000 -3.1000 49231 64800 300 0.9000 348.1000
