S1070 3.6000 5.2000 22679 40253 300 2.1000 394.9000
S1413 3.1000 7.0000 31529 50872 300 0.6000 237.4000
S0352 4.2000 3.5000 28259 42838 300 1.8000 137.2000
S1035 2.2000 5.4000 38448 49921 300 1.5000 324.5000
S0628 2.6000 5.8000 33764 41676 300 1.2000 103.9000
S0969 5.3000 4.6000 32696 42018 300 1.2000 341.3000
S0789 4.5000 3.3000 45886 64800 300 0.7000 69.3000
S0475 0.9000 6.5000 54753 64800 300 1.0000 270.1000
S0300 3.8000 6.8000 32225 39815 300 1.0000 233.4000
S0889 0.9000 4.0000 26748 45909 300 2.5000 103.4000
S0164 3.8000 5.3000 27863 37245 300 2.4000 236.8000
