S0517 -16.6000 0.1000 34831 46712 300 2.0000 157.0000
S0919 -19.1000 -1.5000 21838 31893 300 2.2000 304.6000
S0457 -14.2000 2.1000 53088 64800 300 1.8000 155.0000
S0980 -18.8000 0.6000 51347 64800 300 0.6000 132.3000
S0284 -18.2000 -1.2000 54458 64800 300 0.6000 296.0000
S0437 -16.5000 0.2000 53368 64800 300 1.4000 201.0000
S0486 -19.8000 0.7000 55647 64800 300 0.8000 320.8000
S0092 -17.6000 -1.3000 42017 58160 300 0.8000 397.7000
S0012 -17.4000 -1.3000 43871 61324 300 0.8000 109.1000
S0824 -17.6000 0.8000 39186 60730 300 0.7000 226.1000
S1268 -16.8000 -0.6000 29871 44413 300 0.7000 74.9000
S0935 -18.1000 -1.6000 47419 64800 300 1.7000 386.9000
S0847 -17.6000 1.1000 43579 51354 300 1.7000 259.0000
