S0446 -13.6000 10.5000 36245 46950 300 2.0000 340.9000
S0033 -12.9000 10.5000 53915 64800 300 2.3000 224.9000
S1141 -14.4000 9.8000 24418 32189 300 1.9000 149.5000
S0454 -14.5000 10.1000 49401 62877 300 1.8000 208.1000
S1367 -12.3000 11.3000 55288 64800 300 0.6000 262.0000
S1069 -14.0000 9.7000 37267 52003 300 1.3000 384.1000
S0401 -12.5000 10.6000 24125 41435 300 0.7000 311.5000
S1073 -14.7000 9.5000 38038 57249 300 0.9000 262.1000
S0502 -15.0000 10.1000 33536 51907 300 1.5000 295.9000
S1373 -12.9000 11.6000 32009 46526 300 2.8000 311.9000
