S1463 13.1000 -19.7000 55765 64800 300 2.0000 352.8000
S1447 13.1000 -17.8000 29610 40829 300 2.0000 329.2000
S1005 10.7000 -17.5000 34072 41374 300 0.6000 344.7000
S0549 12.1000 -19.9000 44172 54886 300 1.4000 300.0000
S1369 12.5000 -19.5000 55762 64800 300 1.1000 302.8000
S1586 10.9000 -19.7000 57467 64800 300 2.4000 109.1000
S1394 12.1000 -19.6000 47833 55070 300 2.3000 116.0000
S0328 12.8000 -19.2000 23718 41226 300 0.9000 269.4000
S0512 10.9000 -19.1000 37080 52108 300 1.6000 147.9000
S0151 10.7000 -19.9000 50703 64800 300 1.6000 185.2000
