S0498 18.1000 -16.0000 53326 64800 300 2.2000 216.9000
S0604 19.4000 -14.7000 54284 64800 300 2.3000 189.7000
S0451 19.1000 -18.7000 33598 50829 300 1.1000 322.2000
S0524 19.2000 -16.9000 53525 64800 300 0.6000 394.3000
S0434 17.4000 -18.7000 50016 64800 300 0.6000 292.3000
S0693 18.6000 -18.5000 32435 49033 300 1.2000 179.9000
S0384 20.0000 -16.6000 49552 58189 300 1.2000 248.2000
S0267 19.1000 -15.9000 24705 38081 300 1.2000 378.6000
S1438 19.4000 -17.5000 35114 49823 300 2.4000 110.7000
S1095 19.3000 -14.8000 45115 61929 300 1.9000 61.7000
S0821 17.4000 -18.7000 40891 56148 300 1.3000 234.1000
