S1123 12.2000 -17.9000 27808 40952 300 2.1000 78.7000
S0382 10.1000 -16.8000 40975 52388 300 2.0000 65.1000
S1149 9.9000 -16.8000 43426 52544 300 2.2000 219.7000
S1356 8.5000 -16.6000 37469 57461 300 2.2000 394.1000
S0444 9.7000 -16.7000 31746 43887 300 1.0000 286.3000
S0028 12.3000 -18.1000 35946 45530 300 1.4000 160.2000
S0716 11.8000 -17.4000 52702 64800 300 1.4000 143.7000
S0088 12.0000 -17.3000 31584 51758 300 1.3000 119.7000
S0525 11.0000 -15.6000 30608 51464 300 1.3000 144.9000
S1193 11.7000 -16.0000 31012 50548 300 0.9000 83.9000
