S0036 -4.2000 1.6000 30734 42240 300 1.9000 262.9000
S1425 -2.3000 -0.0000 25246 40476 300 0.5000 219.4000
S1107 -0.5000 4.6000 55964 64800 300 0.8000 221.6000
S1575 -4.5000 4.8000 24579 38766 300 0.8000 94.3000
S0746 -7.7000 3.8000 34695 49412 300 1.4000 307.9000
S0063 -5.9000 2.2000 56212 64800 300 2.8000 277.1000
S1431 -7.3000 -0.1000 50485 64800 300 2.5000 91.6000
S0564 -4.8000 4.4000 30970 38328 300 1.6000 277.0000
S0372 -4.7000 4.5000 54286 64800 300 1.0000 209.9000
S0159 -6.1000 5.1000 45906 57477 300 2.4000 65.3000
