S0679 -18.6000 10.0000 54927 64800 300 1.9000 287.8000
S0673 -19.7000 10.8000 52878 64800 300 2.7000 145.9000
S0138 -19.0000 9.0000 34215 53967 300 2.6000 372.0000
S0148 -20.0000 8.8000 39788 56556 300 1.5000 55.5000
S1078 -18.1000 10.5000 44711 60944 300 0.7000 312.2000
S0253 -18.0000 9.9000 40954 60367 300 0.8000 221.1000
S0538 -19.1000 12.5000 43316 54201 300 0.8000 68.8000
S0122 -18.2000 8.7000 25645 38195 300 0.9000 367.9000
S0067 -19.7000 9.5000 23020 37901 300 1.1000 166.9000
S1378 -19.5000 11.3000 31979 53504 300 2.4000 144.9000
