S0158 -1.4000 8.7000 51717 64800 300 1.8000 190.2000
S0702 0.2000 9.1000 51247 61138 300 1.9000 254.4000
S0964 -0.4000 9.3000 55402 64800 300 0.5000 298.7000
S0853 -2.6000 9.3000 50975 64800 300 1.3000 169.5000
S1274 -0.9000 9.4000 56013 64800 300 1.1000 71.2000
S1182 -2.3000 10.6000 32185 43537 300 0.7000 90.3000
S0415 -1.0000 10.4000 33588 45676 300 0.6000 51.0000
S1212 0.3000 9.7000 42080 60712 300 0.8000 106.5000
S1191 -0.4000 11.1000 55406 64800 300 1.4000 310.2000
S0928 0.1000 10.3000 51342 64800 300 1.4000 71.0000
S0081 -1.3000 9.5000 44601 64800 300 0.9000 167.0000
S0470 -1.5000 9.2000 22350 32593 300 0.9000 121.9000
S1252 1.4000 8.2000 52359 59645 300 2.4000 80.1000
