S0786 -2.7000 16.0000 37150 54434 300 1.8000 63.7000
S0386 -2.2000 19.3000 28277 47242 300 1.1000 83.5000
S1096 -1.8000 16.9000 34805 55967 300 1.1000 307.5000
S0358 -2.0000 16.2000 48200 57255 300 1.2000 202.9000
S1169 0.9000 18.3000 48898 62796 300 1.2000 165.1000
S1501 -3.0000 17.3000 39010 57179 300 0.6000 241.7000
S1213 -1.6000 18.0000 50717 64800 300 0.7000 120.8000
S1205 -3.6000 16.0000 42431 57564 300 0.7000 374.1000
S1118 -2.0000 18.4000 41822 49495 300 0.7000 261.7000
S1287 -1.9000 18.3000 30269 50481 300 1.4000 394.2000
S0207 -0.9000 19.6000 40158 59031 300 2.6000 134.0000
S0339 -2.3000 16.3000 34305 54813 300 1.6000 355.9000
S0829 -3.1000 16.4000 41799 63347 300 0.9000 116.2000
