S1379 -2.9000 15.6000 55139 64800 300 1.8000 226.3000
S0509 -1.0000 15.8000 28500 43532 300 2.0000 255.9000
S1543 -2.3000 15.5000 46291 57272 300 1.3000 125.2000
S1359 -5.0000 14.2000 48169 64256 300 1.3000 294.7000
S0387 -1.3000 14.3000 37927 45527 300 2.1000 169.3000
S0615 -4.0000 13.8000 37247 50214 300 0.8000 290.8000
S1519 -3.9000 13.3000 23916 38698 300 0.9000 389.1000
S1568 1.0000 3.5000 28702 38548 300 1.9000 82.4000
S0149 -0.9000 2.8000 40216 55365 300 2.6000 245.2000
S1536 -1.8000 15.0000 57155 64800 300 2.8000 344.8000
