S1490 -17.4000 11.3000 49787 64800 300 2.2000 96.2000
S0885 -16.3000 11.0000 23498 42680 300 2.1000 343.3000
S1408 -17.4000 12.0000 24043 36214 300 2.3000 326.2000
S0277 -16.2000 11.7000 56379 64800 300 1.9000 168.2000
S0037 -16.7000 11.9000 52672 64800 300 0.5000 379.2000
S0636 -17.4000 13.2000 30911 45487 300 0.8000 209.4000
S0157 -18.6000 13.6000 25017 36924 300 0.8000 242.5000
S0846 -17.5000 13.6000 44602 54076 300 1.4000 194.6000
S1134 -17.1000 10.0000 55346 64800 300 1.7000 105.4000
S1049 -16.3000 12.7000 33490 44687 300 1.0000 159.4000
S0694 -15.3000 10.3000 41374 52590 300 1.0000 342.2000
