S0785 2.4000 -3.8000 43902 58501 300 2.1000 281.4000
S0469 -0.0000 0.9000 38727 53572 300 1.1000 332.2000
S0648 0.9000 -4.7000 36119 53550 300 2.0000 80.9000
S1250 -1.2000 -2.5000 54201 64800 300 0.7000 189.7000
S1021 1.2000 -1.0000 39201 50071 300 0.7000 194.8000
S0423 0.2000 -2.8000 55787 64230 300 1.9000 97.2000
S1291 -3.6000 -0.4000 41562 53696 300 2.9000 324.4000
S1502 0.2000 -1.5000 39431 56779 300 1.3000 368.9000
S0724 1.1000 -2.7000 45218 61321 300 1.6000 92.7000
S1202 0.5000 -3.3000 57259 64800 300 1.7000 144.4000
