S0245 -14.7000 1.6000 26648 35651 300 1.1000 134.4000
S0369 -14.6000 -0.1000 51750 64800 300 1.1000 354.8000
S0430 -14.4000 1.9000 26024 40198 300 1.1000 84.2000
S1080 -13.9000 -0.4000 36567 50229 300 1.4000 136.7000
S1480 -15.6000 1.0000 55943 64800 300 2.7000 325.2000
S0977 -16.1000 1.1000 49368 64800 300 2.2000 355.4000
S1468 -15.1000 1.0000 33124 44336 300 1.6000 202.3000
S0278 -14.3000 -0.2000 54645 64800 300 1.6000 191.4000
S0948 -14.9000 0.3000 29063 43901 300 2.1000 253.1000
S0303 -2.0000 -1.6000 35259 54962 300 2.1000 74.1000
