S0171 10.4000 2.6000 29143 49854 300 1.3000 261.7000
S0815 10.6000 5.6000 55543 64800 300 0.8000 329.9000
S0482 11.6000 3.2000 32890 42296 300 1.6000 259.1000
S0018 10.4000 1.9000 30938 50455 300 1.6000 239.1000
S1013 11.9000 3.4000 52957 64800 300 2.8000 341.1000
S0763 12.9000 5.2000 30268 45414 300 0.9000 88.3000
S0490 11.0000 6.3000 46394 64800 300 0.9000 194.8000
S0144 10.2000 5.2000 45910 61955 300 1.7000 104.6000
S0796 10.3000 4.7000 44337 64800 300 1.7000 149.9000
S0289 6.9000 1.5000 53856 64800 300 2.7000 250.8000
