S0476 19.5000 15.8000 36751 45001 300 2.4000 353.5000
S0466 19.7000 13.9000 47769 55528 300 1.9000 333.2000
S0533 16.5000 15.9000 21785 38413 300 1.9000 201.4000
S1115 19.3000 14.9000 48736 62709 300 2.9000 221.4000
S1393 15.4000 14.7000 38403 57634 300 0.6000 282.0000
S0988 18.6000 16.4000 52049 64800 300 1.1000 238.2000
S0215 17.2000 16.0000 45239 63666 300 1.1000 191.3000
S0298 17.9000 15.1000 45357 63703 300 0.9000 333.6000
S1398 18.8000 15.6000 49512 64800 300 1.5000 222.7000
S1085 17.1000 15.4000 27395 35564 300 1.5000 375.8000
