S0294 6.7000 -11.0000 30333 49276 300 2.1000 329.5000
S1304 6.2000 -11.1000 29310 41008 300 1.1000 351.6000
S0247 4.8000 -11.2000 30316 39376 300 1.5000 64.8000
S0376 6.2000 -12.2000 30258 43505 300 1.2000 223.1000
S0535 4.0000 -10.0000 51006 64800 300 0.8000 323.3000
S1456 4.8000 -12.1000 21606 42095 300 1.6000 55.2000
S1139 4.4000 -11.8000 43140 59452 300 1.6000 222.1000
S0168 5.4000 -12.6000 46073 55646 300 1.7000 120.8000
S1469 4.6000 -9.7000 50405 64800 300 1.7000 131.4000
S0198 5.0000 -11.9000 37327 57910 300 2.7000 263.5000
