S1357 9.7000 13.4000 31376 49981 300 2.0000 326.8000
S0361 8.2000 13.6000 34863 51902 300 1.8000 108.6000
S0408 7.8000 12.0000 49409 58805 300 1.8000 162.8000
S0671 8.0000 12.6000 26077 35009 300 1.5000 96.5000
S1296 9.0000 14.2000 24123 39170 300 0.7000 207.9000
S1102 7.6000 14.6000 45408 64800 300 0.7000 250.8000
S1368 7.8000 14.8000 54978 64800 300 0.8000 361.8000
S0464 8.6000 14.8000 50195 64800 300 0.9000 278.4000
S0958 8.8000 15.5000 40305 50638 300 1.2000 143.0000
S1564 8.2000 13.7000 40319 56376 300 2.3000 327.2000
S1332 9.0000 15.7000 26215 35422 300 1.7000 122.6000
