S1550 17.7000 -11.1000 48183 61056 300 2.3000 227.7000
S1584 17.7000 -12.0000 35611 52009 300 0.6000 196.7000
S0945 16.9000 -11.2000 26825 47232 300 0.6000 393.7000
S0009 17.1000 -11.7000 49032 63056 300 1.0000 123.7000
S0803 15.7000 -12.4000 31386 43151 300 1.0000 381.3000
S0942 16.4000 -13.1000 32899 50496 300 2.5000 211.0000
S1445 16.8000 -12.5000 28653 46749 300 2.9000 153.2000
S1596 15.5000 -12.7000 54841 64800 300 1.3000 103.2000
S0705 11.8000 -10.2000 28758 38534 300 1.3000 108.6000
S0594 15.6000 -12.1000 23574 42528 300 1.6000 301.4000
S1582 16.3000 -12.6000 38906 59591 300 0.9000 392.4000
