S1214 4.1000 13.8000 52603 61371 300 2.1000 340.4000
S0312 4.5000 13.2000 35682 43733 300 2.0000 256.2000
S0843 4.1000 14.7000 39687 55662 300 1.0000 249.6000
S0338 4.9000 15.0000 46685 64800 300 1.8000 68.3000
S0704 3.9000 13.3000 22853 41328 300 2.9000 286.7000
S0202 4.8000 13.9000 33671 48398 300 1.2000 113.5000
S1534 3.0000 13.6000 53530 64800 300 1.3000 328.2000
S1371 3.6000 13.7000 38384 49759 300 1.1000 370.9000
S1122 3.6000 12.9000 54602 64800 300 0.7000 54.4000
S0539 4.6000 14.8000 45250 64043 300 1.7000 264.1000
