S0370 -16.9000 -16.3000 56834 64800 300 2.2000 50.2000
S1015 -14.6000 -14.5000 37211 48010 300 2.3000 301.4000
S0489 -16.8000 -16.4000 49244 61297 300 0.5000 50.8000
S1381 -16.5000 -17.5000 30237 45474 300 2.0000 245.7000
S0570 -16.6000 -16.5000 53202 61654 300 1.5000 317.5000
S1230 -12.3000 -15.7000 43319 55287 300 0.8000 170.5000
S1087 -16.5000 -17.7000 42430 58177 300 1.3000 127.0000
S0431 -15.0000 -15.7000 40631 51739 300 2.8000 177.2000
S1138 -13.6000 -14.4000 25799 36779 300 1.7000 229.4000
S0187 -15.7000 -18.5000 37237 46082 300 0.9000 155.6000
