S0596 -16.8000 4.8000 36796 49265 300 2.0000 338.6000
S0725 -15.7000 3.7000 53818 64800 300 2.0000 273.8000
S0676 -17.2000 3.2000 23630 33096 300 2.1000 356.0000
S0266 -18.3000 5.5000 26903 45572 300 1.8000 115.5000
S0179 -17.5000 3.0000 54022 64800 300 1.9000 75.4000
S0910 -15.6000 2.5000 31811 49132 300 1.4000 358.2000
S0192 -17.7000 3.9000 52836 64800 300 1.6000 347.2000
S0684 -17.5000 3.2000 40044 57159 300 1.0000 201.0000
S1228 -16.7000 3.9000 51328 60700 300 1.0000 338.0000
S1224 -16.7000 3.0000 42958 54906 300 0.9000 356.0000
