S1434 8.5000 -18.6000 37348 57651 300 2.2000 73.8000
S1499 5.8000 -19.3000 23107 32574 300 2.9000 333.7000
S0931 7.8000 -18.0000 56901 64800 300 0.6000 101.7000
S0531 7.4000 -18.9000 55635 64800 300 0.7000 341.8000
S0857 7.1000 -19.6000 37769 55476 300 2.6000 95.3000
S1271 6.8000 -16.8000 23365 38195 300 1.6000 62.9000
S0082 8.4000 -19.6000 23181 35719 300 0.9000 221.5000
S1527 8.3000 -17.8000 55768 64800 300 0.8000 342.2000
S1247 8.2000 -19.1000 54642 64481 300 1.0000 164.5000
S1429 8.1000 -18.3000 54022 62696 300 2.3000 232.5000
