S1307 8.1000 -3.8000 54597 62918 300 2.2000 83.9000
S0867 6.5000 -8.3000 45766 64800 300 0.6000 271.2000
S0511 9.4000 -8.0000 30079 42948 300 2.0000 369.6000
S1067 5.8000 -7.6000 32643 41923 300 2.0000 142.9000
S1529 7.2000 -8.8000 39003 60011 300 1.5000 381.5000
S0983 9.1000 -8.2000 29227 44402 300 1.2000 252.5000
S1473 7.2000 -6.6000 29443 39966 300 0.8000 175.9000
S0098 9.8000 -5.1000 54869 64800 300 1.3000 126.8000
S0453 9.8000 -7.1000 21948 43183 300 1.7000 353.2000
S1444 8.6000 -5.1000 21757 32290 300 2.7000 80.4000
