S0823 2.9000 -18.8000 22954 42457 300 0.6000 367.3000
S0403 2.8000 -19.1000 50824 64800 300 1.1000 230.6000
S0077 2.9000 -18.5000 47931 55572 300 1.1000 340.5000
S0875 4.9000 -19.3000 33724 51355 300 1.0000 260.8000
S0426 4.4000 -18.3000 38320 56575 300 1.0000 132.5000
S0582 4.6000 -18.2000 54545 64800 300 2.5000 109.9000
S0212 4.4000 -19.4000 54775 63667 300 1.9000 120.7000
S1551 4.4000 -19.0000 42169 57130 300 1.9000 177.2000
S0809 5.5000 -18.2000 48601 55856 300 1.2000 210.4000
S1075 3.4000 -17.3000 30241 43604 300 0.8000 116.9000
S0856 3.3000 -18.2000 36207 54375 300 2.8000 160.3000
