S1440 -11.6000 -16.0000 36253 50414 300 1.8000 262.6000
S1003 -11.4000 -14.4000 40993 50865 300 1.1000 295.4000
S1282 -9.7000 -14.8000 35787 51214 300 1.1000 383.4000
S0951 -10.6000 -13.4000 37212 58550 300 1.9000 363.8000
S0653 -9.9000 -13.6000 33847 41504 300 2.2000 337.8000
S0869 -9.8000 -13.5000 54269 64800 300 1.4000 256.5000
S1140 -9.9000 -13.0000 35849 52494 300 1.8000 164.0000
S1262 -10.3000 -12.4000 47048 61908 300 1.8000 345.2000
S0726 -9.4000 -12.6000 31552 53119 300 1.9000 174.8000
S1311 0.6000 1.5000 41472 59123 300 3.0000 289.4000
