S1372 -8.7000 -13.4000 30889 42568 300 1.1000 162.2000
S0641 -9.2000 -12.9000 32201 52809 300 0.8000 171.2000
S1285 -9.3000 -12.3000 36386 49824 300 0.6000 359.1000
S0100 -8.5000 -11.5000 46550 64800 300 0.7000 111.9000
S0834 -8.9000 -14.2000 28540 49176 300 2.1000 189.9000
S0560 0.6000 3.4000 54282 64800 300 2.6000 162.5000
S0619 -8.5000 -14.0000 22279 29889 300 2.5000 325.0000
S1557 -3.0000 -3.0000 43870 62685 300 2.4000 361.8000
S1241 -8.4000 -13.5000 28076 42818 300 1.9000 195.4000
S0593 1.8000 -3.8000 47221 64800 300 1.9000 133.4000
