S0666 -11.6000 1.0000 47715 64800 300 0.5000 344.1000
S0851 -12.1000 1.0000 33558 54771 300 2.4000 92.6000
S0422 -11.1000 -0.9000 40595 56008 300 2.3000 398.0000
S0749 -10.9000 0.6000 33962 41567 300 2.3000 385.7000
S1553 -11.0000 -0.3000 39239 48750 300 1.0000 90.1000
S0123 -10.1000 -1.1000 36037 56670 300 1.8000 183.8000
S0272 -10.5000 0.1000 48559 62782 300 1.2000 155.2000
S1151 -11.1000 0.9000 31889 53342 300 1.2000 289.8000
S1364 -10.1000 -1.0000 33340 42178 300 0.8000 386.8000
S0096 -9.6000 -0.9000 46538 62778 300 0.8000 312.4000
S0870 -10.9000 -1.3000 53743 61171 300 1.6000 93.7000
