S0224 12.5000 19.3000 49638 64800 300 2.9000 311.6000
S1524 13.3000 18.7000 40865 62061 300 1.2000 347.7000
S0703 13.7000 18.2000 24011 35505 300 0.7000 114.4000
S0270 15.0000 16.9000 24608 37044 300 1.7000 214.9000
S1023 11.8000 17.7000 27472 38356 300 0.8000 277.9000
S0548 13.6000 16.0000 52765 64800 300 0.8000 72.0000
S0807 13.3000 15.9000 24668 33197 300 1.8000 359.6000
S0605 13.0000 18.1000 45256 55352 300 2.8000 296.8000
S0553 11.8000 17.1000 48886 61145 300 2.4000 197.6000
S1459 -1.1000 -0.7000 41572 60094 300 2.3000 170.5000
