S0545 14.6000 0.2000 26765 43278 300 2.2000 55.8000
S0950 12.9000 -2.5000 22519 38717 300 2.3000 292.0000
S0080 14.4000 0.2000 32375 40193 300 1.1000 139.4000
S1153 13.1000 -0.2000 37392 51675 300 0.6000 77.6000
S0175 14.5000 -0.3000 51857 63301 300 2.0000 103.4000
S1577 15.5000 -1.1000 32626 41044 300 2.0000 178.8000
S1233 14.7000 -2.8000 36990 50569 300 1.8000 198.7000
S1466 14.1000 -0.0000 43413 62161 300 1.2000 345.2000
S0216 13.7000 -0.4000 53101 64800 300 1.9000 311.0000
S0547 15.5000 -0.6000 37241 53001 300 0.9000 361.3000
