S0660 1.1000 -16.9000 36339 47338 300 2.0000 94.0000
S0799 1.1000 -16.8000 29261 37511 300 2.0000 298.3000
S0730 1.4000 -16.3000 47875 64666 300 0.6000 237.2000
S0029 1.1000 -15.9000 33932 51252 300 0.6000 120.8000
S0262 0.3000 -15.3000 46616 60204 300 0.6000 84.6000
S0750 1.4000 -17.8000 35833 49954 300 2.4000 360.0000
S1028 1.8000 -15.6000 22038 30413 300 1.0000 360.4000
S0491 0.3000 -17.6000 27223 43166 300 1.3000 235.6000
S0954 1.3000 -18.1000 51893 64800 300 2.7000 165.0000
S1091 2.8000 -17.8000 47875 63549 300 2.7000 166.1000
