S0778 11.6000 11.2000 57004 64800 300 2.1000 95.2000
S0744 11.8000 10.7000 22722 35746 300 2.2000 337.9000
S0379 11.3000 8.9000 45663 63015 300 2.2000 333.7000
S1031 10.6000 12.3000 24430 40729 300 2.0000 57.9000
S0014 10.5000 10.3000 37300 44597 300 0.6000 89.3000
S0097 11.9000 8.6000 27058 34407 300 1.4000 371.4000
S0020 11.6000 8.9000 49472 64800 300 2.4000 369.3000
S0836 11.3000 9.1000 29117 50224 300 1.0000 298.1000
S0447 10.1000 9.4000 54329 64800 300 0.7000 356.7000
S0231 11.5000 9.1000 46623 63085 300 1.3000 357.2000
