S1254 -1.6000 -3.5000 28496 43136 300 2.1000 305.8000
S0283 -5.5000 -5.3000 39131 48716 300 1.9000 143.3000
S1514 -4.8000 -5.9000 51168 64800 300 1.9000 360.6000
S1350 -3.9000 -0.8000 50860 64800 300 0.6000 242.3000
S1365 -5.3000 -4.1000 37253 58061 300 0.8000 111.7000
S1026 -5.3000 -3.7000 56333 63900 300 0.8000 197.0000
S0101 -5.7000 -4.8000 51738 62800 300 1.4000 232.5000
S1264 -7.0000 -6.4000 36662 51485 300 1.7000 136.2000
S1329 -6.7000 -3.1000 41224 48728 300 2.7000 293.8000
S0872 -5.3000 -3.7000 44446 51792 300 0.9000 250.0000
S0936 -4.6000 -3.9000 24041 41985 300 0.9000 334.8000
