S1442 4.7000 -1.3000 22140 32184 300 2.1000 133.2000
S1580 5.5000 1.0000 32288 48933 300 0.6000 153.2000
S0236 6.2000 -1.0000 44234 64800 300 1.8000 110.4000
S1538 5.6000 -2.0000 23889 41583 300 2.5000 211.2000
S0899 4.8000 -1.1000 44375 62183 300 2.5000 140.1000
S0820 5.9000 0.3000 52246 64800 300 1.3000 352.0000
S0855 1.9000 -1.8000 47797 64800 300 1.3000 288.3000
S0606 6.0000 -1.6000 29432 49314 300 1.3000 303.3000
S0602 5.7000 -2.5000 48851 62232 300 1.7000 296.9000
S1415 7.1000 -0.1000 47711 55895 300 0.9000 367.3000
