S0173 19.0000 19.7000 42334 51521 300 0.5000 387.4000
S0551 18.4000 18.5000 26356 47479 300 2.0000 247.7000
S1446 16.4000 19.9000 25832 45806 300 2.0000 331.3000
S1542 18.6000 19.1000 30726 46431 300 0.6000 235.8000
S0363 18.6000 19.1000 55578 64800 300 1.4000 279.4000
S1387 16.9000 18.8000 50270 64800 300 1.8000 193.7000
S0542 16.7000 18.8000 42337 63159 300 2.9000 241.5000
S0154 16.6000 19.6000 53141 64800 300 1.2000 291.6000
S0987 17.3000 19.5000 41986 60937 300 0.7000 103.8000
S1409 17.9000 18.5000 40672 56044 300 2.8000 193.1000
