S0046 -4.2000 -13.0000 37169 49385 300 2.2000 202.5000
S0291 -3.3000 -13.2000 37376 52627 300 2.3000 198.2000
S0909 -3.2000 -11.7000 23962 40837 300 2.3000 70.0000
S0035 -3.8000 -14.3000 38672 48845 300 1.1000 218.1000
S1198 -2.1000 -14.5000 50157 58966 300 0.5000 283.7000
S1540 -3.4000 -14.0000 44259 64800 300 2.0000 245.2000
S0203 -3.3000 -12.6000 50624 64800 300 0.7000 390.3000
S1531 -3.2000 -13.2000 48189 64800 300 1.9000 350.0000
S1056 -2.8000 -13.3000 25863 45637 300 1.3000 306.8000
S0443 -2.0000 -13.5000 55713 64519 300 1.7000 83.7000
