S0756 -0.8000 -14.7000 50562 58698 300 2.1000 109.4000
S0659 -0.2000 -13.7000 44304 59030 300 2.1000 94.2000
S1097 -0.5000 -13.0000 37043 45986 300 1.9000 134.4000
S1306 0.6000 -10.0000 50665 58518 300 0.6000 358.0000
S0576 -1.4000 -11.5000 51369 62310 300 2.7000 352.4000
S0429 2.0000 -12.1000 44138 63427 300 0.8000 191.3000
S1385 1.0000 -12.8000 51091 59881 300 0.9000 294.5000
S1218 -0.9000 -12.3000 23731 41231 300 0.9000 89.0000
S0634 -0.3000 -12.0000 36569 49664 300 1.2000 358.6000
S1380 -0.2000 -14.5000 32914 42531 300 2.3000 158.9000
