S0955 8.0000 -2.6000 28880 40480 300 2.1000 164.3000
S0747 12.8000 0.5000 41704 63168 300 1.1000 231.0000
S0086 10.0000 1.6000 31713 45677 300 1.8000 62.1000
S0715 13.1000 -0.5000 45864 64800 300 2.6000 96.4000
S0409 12.0000 -0.3000 37117 47758 300 0.7000 329.2000
S1148 12.8000 1.6000 33996 47512 300 1.0000 146.8000
S0062 13.1000 0.4000 49469 57142 300 2.9000 376.6000
S0555 11.7000 0.5000 25653 44760 300 1.3000 376.0000
S0530 13.2000 1.8000 23551 43225 300 1.6000 239.0000
S0039 10.9000 -1.1000 39996 51675 300 0.9000 236.9000
