S0493 -13.8000 3.9000 31012 47729 300 2.2000 50.1000
S1340 -10.9000 1.5000 54417 64800 300 2.2000 191.2000
S0687 -13.4000 3.5000 33573 44000 300 0.6000 124.2000
S0011 -13.7000 3.1000 25175 44002 300 1.4000 289.8000
S0394 -12.4000 1.4000 29769 47316 300 1.1000 369.6000
S0852 -13.8000 3.4000 27433 47932 300 1.0000 367.4000
S1105 -13.0000 1.9000 43314 52493 300 2.5000 104.1000
S1258 -12.9000 5.1000 24890 37715 300 0.7000 65.0000
S0903 -10.8000 5.1000 34433 44583 300 1.6000 282.7000
S1400 -14.4000 3.2000 51035 60107 300 2.6000 300.0000
