S0017 -17.0000 15.0000 51517 64800 300 2.1000 336.1000
S0234 -16.6000 15.0000 30613 51094 300 2.2000 302.3000
S1128 -17.5000 14.4000 25404 43839 300 1.8000 309.9000
S0249 -14.4000 16.8000 21823 40154 300 0.6000 118.8000
S0953 -16.2000 16.9000 29332 36879 300 1.3000 161.3000
S0788 -16.3000 16.4000 24585 37391 300 1.1000 75.4000
S1327 -16.9000 15.7000 41812 57224 300 1.1000 200.2000
S1326 -15.3000 16.2000 38373 54059 300 0.7000 200.4000
S0540 -15.5000 15.0000 42065 50127 300 0.7000 125.3000
S0782 -16.8000 16.0000 25425 42882 300 2.6000 107.4000
S0902 -15.7000 16.2000 43958 58504 300 1.6000 132.0000
