S0995 -13.1000 -0.3000 37818 52801 300 2.2000 346.7000
S0318 -12.7000 0.6000 50475 64800 300 2.3000 249.2000
S1450 -12.5000 -2.6000 38094 52205 300 0.5000 370.1000
S1116 -12.5000 -0.6000 46423 57034 300 1.2000 229.3000
S1566 -12.8000 -0.3000 47013 54351 300 1.0000 240.0000
S0652 -11.2000 -1.1000 34392 50099 300 1.3000 379.7000
S0183 -11.0000 -1.3000 33090 44943 300 1.3000 236.3000
S0880 -14.1000 -1.7000 27580 45911 300 2.8000 383.0000
S1460 -12.7000 -1.1000 49120 57847 300 1.7000 63.0000
S1510 -10.6000 -2.4000 30300 48471 300 1.7000 382.6000
