S0810 12.0000 -13.1000 47012 64800 300 2.3000 300.5000
S0732 9.5000 -14.6000 21836 36590 300 2.0000 373.9000
S0197 11.4000 -13.0000 50862 64800 300 1.2000 198.0000
S0241 9.2000 -14.0000 42252 52067 300 1.5000 105.5000
S1572 9.7000 -13.3000 29404 39347 300 2.1000 138.2000
S0308 11.0000 -11.4000 26726 40203 300 2.1000 76.8000
S1318 8.6000 -13.2000 42082 54947 300 2.6000 354.7000
S1265 9.2000 -12.2000 42201 57260 300 0.5000 190.1000
S1493 9.6000 -11.6000 45060 64800 300 0.6000 326.5000
S1583 -2.1000 -1.0000 46590 57557 300 2.8000 351.4000
