S0769 -13.9000 -18.9000 31888 42051 300 2.9000 381.1000
S1481 -15.1000 -18.4000 22064 35307 300 1.9000 271.6000
S0260 -14.5000 -19.4000 24542 38485 300 1.2000 112.3000
S1339 -13.7000 -19.8000 24000 33417 300 1.2000 390.9000
S0448 -12.2000 -18.0000 43312 56825 300 1.2000 306.0000
S0826 -15.4000 -19.2000 27666 46280 300 0.7000 172.8000
S0863 -13.9000 -17.8000 44476 54384 300 2.5000 291.6000
S1142 -13.1000 -19.4000 22176 36716 300 1.5000 388.4000
S0085 -12.8000 -17.9000 45360 57205 300 1.5000 209.3000
S0700 -15.5000 -20.0000 25039 46280 300 1.0000 339.3000
