S0340 17.9000 -7.1000 26423 44919 300 1.9000 85.7000
S1422 18.2000 -5.2000 36316 50410 300 0.8000 165.4000
S1576 17.7000 -4.4000 42247 63568 300 1.2000 229.6000
S0038 17.1000 -4.8000 39480 56667 300 0.7000 159.6000
S1180 16.2000 -6.6000 52271 64800 300 0.9000 387.0000
S0313 16.3000 -4.1000 29466 40991 300 1.4000 261.1000
S0591 15.9000 -4.2000 26079 36989 300 0.5000 281.5000
S0049 1.7000 -2.2000 46274 58825 300 2.7000 136.0000
S0781 18.7000 -6.2000 36687 48436 300 2.5000 209.9000
S0458 17.9000 -5.2000 39307 49295 300 2.5000 373.2000
S1437 15.9000 -4.9000 55223 64493 300 2.4000 212.3000
