S0163 14.7000 -19.7000 27951 40610 300 1.8000 127.7000
S1132 16.3000 -16.9000 33150 54219 300 2.8000 321.1000
S1257 15.2000 -19.4000 40903 55121 300 1.2000 317.6000
S1289 14.8000 -17.4000 57434 64800 300 1.2000 73.6000
S0626 13.1000 -17.9000 53756 64800 300 1.1000 387.1000
S0165 16.7000 -18.6000 24624 37215 300 0.8000 317.9000
S0868 15.6000 -18.7000 46543 57808 300 0.8000 314.2000
S0608 15.6000 -16.9000 57253 64800 300 1.7000 71.7000
S0348 15.8000 -16.8000 52915 64800 300 1.6000 394.8000
S0132 15.3000 -18.3000 53003 64800 300 2.3000 83.0000
