S0920 17.4000 7.8000 55928 63951 300 2.2000 110.2000
S0520 19.7000 5.1000 51671 64800 300 0.6000 242.5000
S0108 17.8000 6.8000 32614 48021 300 0.6000 159.7000
S0135 17.5000 9.4000 51824 62439 300 1.7000 395.8000
S1011 17.5000 6.9000 55091 64800 300 2.6000 207.9000
S0984 19.8000 6.2000 27305 46237 300 1.5000 157.4000
S0513 18.8000 9.1000 45524 57194 300 1.6000 249.0000
S0139 17.6000 7.5000 54483 64800 300 1.6000 216.1000
S1179 17.5000 7.4000 27949 47617 300 0.8000 95.1000
S0686 17.5000 7.9000 50466 57948 300 2.4000 147.2000
