S0981 2.7000 -8.9000 37973 48659 300 2.3000 133.7000
S1016 3.1000 -11.2000 35881 53388 300 1.0000 336.4000
S1072 1.1000 -7.2000 41747 56683 300 1.0000 263.2000
S0367 1.9000 -8.5000 25303 40031 300 2.5000 303.8000
S0201 1.9000 -8.3000 28080 37579 300 2.5000 101.2000
S0335 2.0000 -8.7000 50060 64800 300 1.8000 203.3000
S0053 1.7000 -3.1000 44952 53046 300 1.2000 259.6000
S0723 3.2000 -8.6000 45918 60604 300 0.7000 180.4000
S1058 3.2000 -8.3000 38986 53598 300 1.3000 170.6000
S0729 1.9000 -8.0000 27788 46780 300 1.6000 365.1000
