S0892 -10.8000 18.2000 32081 43963 300 2.4000 345.4000
S0040 -11.7000 19.6000 31032 47658 300 2.5000 173.6000
S0621 -10.4000 19.1000 28782 50154 300 1.2000 107.6000
S1076 -12.7000 19.5000 36698 46529 300 1.3000 69.7000
S0488 -11.4000 19.7000 52880 64800 300 1.3000 145.2000
S0541 -9.6000 19.9000 37068 54043 300 1.3000 198.4000
S1548 -11.0000 18.0000 33121 44160 300 0.9000 182.4000
S0295 -13.4000 19.6000 53556 64800 300 0.8000 176.0000
S1377 -10.3000 19.4000 49875 62791 300 1.6000 231.9000
S0672 -10.9000 17.9000 41731 49783 300 2.6000 124.7000
