S0861 7.0000 8.7000 30869 52383 300 2.0000 182.7000
S0561 8.7000 10.1000 38188 55717 300 1.1000 53.4000
S1170 8.6000 7.9000 39979 59761 300 0.6000 219.5000
S0256 8.3000 9.1000 51658 64800 300 0.8000 84.8000
S0859 7.3000 9.5000 57335 64800 300 0.8000 95.3000
S0603 8.9000 8.4000 48470 64047 300 1.4000 98.8000
S1549 8.0000 9.3000 31100 43737 300 2.8000 270.9000
S0999 10.7000 6.2000 27905 45563 300 2.6000 315.2000
S1092 7.7000 9.2000 27418 39940 300 2.6000 319.7000
S0890 5.6000 11.0000 36475 49134 300 1.0000 161.8000
