S1210 -7.7000 -9.1000 24641 41926 300 1.0000 367.9000
S0536 -7.1000 -10.6000 53764 64800 300 1.9000 158.3000
S0413 -9.8000 -10.2000 27529 46560 300 2.9000 253.3000
S1129 -7.0000 -9.5000 38414 59670 300 0.6000 182.1000
S0797 -7.4000 -8.1000 45223 64800 300 0.6000 156.6000
S0479 -7.5000 -10.6000 57127 64800 300 1.4000 129.0000
S0146 -5.9000 -5.6000 25648 43405 300 1.2000 350.0000
S1388 -9.4000 -9.8000 28808 39920 300 1.3000 222.4000
S0773 -7.6000 -10.2000 38072 54229 300 1.3000 274.0000
S0738 -7.7000 -8.2000 49895 61372 300 1.1000 330.3000
S1547 -8.7000 -8.0000 30220 43888 300 2.5000 146.7000
