S0813 -15.4000 -5.2000 40019 55945 300 0.5000 83.5000
S1508 -16.6000 -3.0000 41536 57702 300 1.4000 379.2000
S1246 -15.3000 -4.1000 50484 64800 300 1.1000 221.1000
S0405 -18.0000 -3.8000 53841 61817 300 2.3000 58.2000
S1427 -16.6000 -5.0000 44985 54579 300 1.8000 162.5000
S0800 -18.3000 -0.7000 53783 64800 300 1.2000 276.8000
S0356 -17.2000 -6.1000 28236 40925 300 0.7000 177.8000
S1319 -16.7000 -5.2000 55587 64800 300 1.5000 361.7000
S0719 -15.7000 -5.8000 47588 55117 300 0.9000 137.6000
S1420 -15.3000 -5.4000 28593 36413 300 0.9000 192.1000
S1110 -14.5000 -6.7000 37612 46248 300 0.9000 125.3000
S1344 -16.1000 -6.0000 42859 53792 300 2.7000 201.9000
