S1061 -8.0000 7.0000 36535 58091 300 2.2000 123.9000
S0079 -8.8000 4.9000 25249 40247 300 2.0000 285.5000
S0396 -8.5000 5.5000 28565 36591 300 1.1000 164.8000
S1176 -8.4000 6.5000 53807 64800 300 0.5000 92.7000
S1399 -7.4000 6.0000 25334 45922 300 0.5000 335.2000
S0929 -8.3000 6.3000 50183 59099 300 0.6000 297.7000
S0811 -8.6000 5.1000 49592 59734 300 0.6000 193.7000
S1012 -6.9000 3.9000 33413 52540 300 0.6000 311.5000
S0537 -9.0000 6.4000 36573 53744 300 1.7000 204.1000
S0184 -7.2000 5.9000 55067 64800 300 2.5000 332.0000
S0031 -7.0000 5.6000 37884 49964 300 1.5000 65.3000
S1209 -8.2000 5.3000 37807 54572 300 0.8000 240.0000
S1312 -8.1000 4.9000 42527 53381 300 1.0000 218.9000
