S0635 -4.2000 -11.0000 39873 58144 300 2.1000 68.5000
S0505 -1.7000 -10.0000 23989 39204 300 1.1000 368.5000
S0755 -3.1000 -7.4000 23656 31252 300 0.5000 186.2000
S1395 -0.6000 -10.5000 30811 47340 300 0.6000 331.2000
S0646 -1.2000 -9.7000 50750 60060 300 2.0000 192.5000
S0632 -3.0000 -8.8000 34504 44455 300 2.0000 299.3000
S1255 -1.2000 -10.9000 28231 48245 300 1.5000 269.7000
S0459 -1.9000 -9.3000 32992 46175 300 1.4000 247.0000
S0307 -0.5000 -11.3000 52961 64800 300 1.9000 280.4000
S1533 0.3000 -7.4000 37807 45891 300 1.3000 170.6000
S0357 -2.9000 -9.8000 27261 41766 300 1.6000 307.8000
