S0084 -13.9000 -3.8000 57178 64800 300 3.0000 343.2000
S0436 -12.4000 -2.3000 53711 64800 300 1.4000 336.1000
S0007 -14.7000 -2.1000 49346 64800 300 1.1000 226.7000
S0095 -13.0000 -2.6000 38453 53857 300 1.7000 193.0000
S0960 -15.1000 -2.7000 50657 63637 300 0.9000 285.2000
S0495 -15.6000 -1.6000 39676 57222 300 0.8000 343.8000
S1522 -14.3000 -2.2000 41620 60465 300 0.8000 245.0000
S0279 -12.7000 -3.5000 45794 60618 300 0.8000 139.9000
S1324 -13.4000 -3.0000 35632 53035 300 2.8000 89.3000
S0251 -15.6000 -1.4000 24345 35221 300 2.6000 160.9000
