S0299 -18.7000 -19.8000 43642 64651 300 1.2000 332.3000
S1486 -17.9000 -18.4000 42345 50345 300 0.8000 334.2000
S1283 -18.2000 -17.2000 34536 55418 300 0.7000 217.0000
S0391 -16.4000 -18.9000 28675 40375 300 0.8000 351.0000
S0649 -18.3000 -17.4000 25008 34528 300 2.8000 344.6000
S1451 -3.7000 -0.5000 55323 64800 300 2.8000 193.8000
S1491 -17.1000 -16.9000 41821 58285 300 1.4000 257.5000
S1196 -16.2000 -18.4000 44459 54393 300 2.4000 293.9000
S1126 -19.1000 -17.4000 55246 64800 300 1.9000 52.4000
S1562 -17.4000 -16.8000 42240 61323 300 1.9000 286.0000
