S0579 18.2000 2.4000 52679 61412 300 2.1000 358.7000
S0223 19.7000 1.8000 36596 49913 300 2.2000 369.0000
S0025 19.5000 1.7000 34248 53712 300 0.6000 181.6000
S1496 19.4000 1.7000 56452 64800 300 2.3000 308.1000
S0055 19.2000 -0.6000 30845 44826 300 1.0000 176.2000
S0678 18.9000 2.6000 46532 64800 300 2.5000 290.8000
S0770 19.7000 2.0000 36631 55386 300 1.2000 169.4000
S0866 18.0000 2.2000 54832 64800 300 1.3000 246.2000
S0994 20.0000 1.2000 45820 63568 300 0.9000 239.2000
S0474 20.0000 -0.3000 25958 44466 300 0.9000 220.4000
S1474 17.4000 1.9000 46359 55221 300 0.9000 178.8000
