S0985 -18.2000 3.4000 31832 50759 300 2.0000 299.2000
S0137 -18.4000 4.2000 35596 50287 300 2.0000 92.5000
S0353 -18.1000 2.6000 36328 56602 300 1.8000 273.2000
S0622 -17.5000 1.8000 31755 48364 300 0.5000 103.5000
S1518 -18.0000 3.0000 32412 51670 300 0.8000 250.5000
S1465 -19.1000 3.3000 26386 36346 300 2.8000 298.4000
S0194 -18.9000 4.6000 57202 64800 300 1.5000 139.3000
S0332 -18.9000 2.1000 41961 53688 300 1.0000 307.4000
S0398 -18.2000 3.1000 26250 41454 300 0.9000 355.5000
S0385 -18.2000 1.5000 49905 60327 300 2.4000 202.3000
