S1007 11.0000 -8.6000 49286 63263 300 2.2000 169.6000
S0015 10.2000 -9.1000 39850 52550 300 2.2000 265.9000
S0999 11.7000 -7.8000 47307 60730 300 0.6000 171.4000
S0349 5.7000 -5.1000 25621 37560 300 1.4000 348.9000
S1560 6.6000 -2.4000 28993 41834 300 1.4000 119.0000
S1256 11.0000 -8.3000 36492 51473 300 2.4000 138.0000
S1631 11.9000 -8.2000 25033 43271 300 0.9000 186.4000
S0736 11.8000 -7.3000 51864 64655 300 0.9000 207.1000
S0114 10.4000 -7.8000 21785 42083 300 2.1000 346.3000
S0546 10.4000 -7.0000 47517 64800 300 1.9000 360.6000
