S0758 -18.4000 -6.5000 51159 62130 300 1.1000 348.9000
S0520 -18.2000 -8.0000 56968 64800 300 2.2000 76.4000
S1329 -19.0000 -6.1000 47965 64800 300 0.6000 125.6000
S0993 -16.1000 -5.9000 32116 49847 300 0.6000 389.9000
S1721 -18.7000 -7.5000 35510 50753 300 1.8000 286.5000
S0829 -19.2000 -7.4000 56871 64800 300 2.8000 243.8000
S0540 -19.5000 -6.1000 24783 44473 300 1.4000 146.7000
S1488 -20.0000 -5.1000 33364 49482 300 2.1000 83.5000
S0040 -19.6000 -7.2000 23054 37892 300 1.6000 206.7000
S0064 -19.3000 -5.7000 43983 64257 300 1.6000 322.0000
