S1335 -14.2000 -3.8000 25406 37750 300 2.2000 51.9000
S0907 -13.6000 -4.0000 43264 54301 300 1.5000 146.1000
S1728 -13.1000 -4.5000 56568 64800 300 1.1000 210.9000
S1503 -13.2000 -5.6000 43912 63633 300 2.5000 246.2000
S0060 -15.3000 -3.0000 28921 49372 300 1.0000 364.9000
S1558 -13.8000 -2.6000 47064 64800 300 1.0000 230.9000
S0744 -14.1000 -4.4000 32932 52836 300 1.9000 207.3000
S0096 -13.7000 -5.1000 41966 54527 300 1.6000 360.9000
S0386 -13.5000 -3.6000 39472 53876 300 1.6000 204.4000
S1239 -13.4000 -3.5000 46397 59290 300 1.6000 296.6000
