S1802 2.2000 13.1000 55143 64800 300 2.2000 102.3000
S0004 0.5000 13.5000 46349 55996 300 0.5000 395.0000
S1550 1.7000 13.2000 49599 61230 300 1.1000 255.3000
S0604 2.6000 12.4000 44343 64019 300 1.1000 209.7000
S1731 4.8000 11.1000 33919 43089 300 1.1000 318.2000
S1847 2.4000 12.9000 41453 55352 300 2.4000 286.0000
S1676 4.1000 12.5000 38991 58264 300 2.9000 328.2000
S1382 2.9000 12.3000 23509 33658 300 0.9000 348.4000
S1497 3.2000 12.7000 54091 64800 300 1.9000 125.9000
S0013 1.7000 11.4000 30084 45020 300 1.9000 246.0000
