S1189 -14.7000 -0.9000 52677 60827 300 1.2000 258.1000
S1882 -15.5000 -0.8000 35011 48987 300 2.2000 124.0000
S1019 -16.6000 -1.0000 45957 64800 300 1.0000 109.7000
S0957 -17.2000 0.6000 22229 31630 300 2.8000 192.9000
S0024 -15.4000 -0.6000 29250 37578 300 2.8000 131.9000
S0255 -16.4000 0.7000 46263 64490 300 0.6000 327.1000
S0835 -13.7000 -0.8000 38427 51805 300 0.6000 352.6000
S0789 -16.0000 0.8000 27317 39464 300 0.7000 51.2000
S0915 -14.8000 -0.7000 56653 64800 300 1.7000 62.1000
S0392 -17.6000 0.5000 24767 33963 300 2.1000 393.8000
