S0748 3.6000 -18.5000 31108 42021 300 1.5000 263.0000
S0422 3.3000 -17.8000 54995 64800 300 1.3000 133.4000
S0750 4.5000 -18.8000 46413 61902 300 1.2000 192.7000
S1468 3.4000 -17.4000 39697 51486 300 2.4000 385.1000
S1043 4.1000 -18.7000 36026 47717 300 1.7000 66.0000
S0842 3.8000 -17.4000 42190 63001 300 1.7000 257.1000
S1545 4.5000 -18.0000 41086 61726 300 2.6000 340.4000
S0632 -1.0000 -19.6000 46841 64800 300 0.9000 202.1000
S0772 4.9000 -17.0000 31051 47518 300 0.9000 77.3000
S1932 2.4000 -18.1000 31739 44473 300 1.8000 250.7000
