S0290 -19.6000 12.1000 43554 64024 300 1.9000 359.2000
S1774 -19.1000 12.1000 26538 41147 300 1.0000 326.8000
S0302 -19.9000 10.1000 55112 64800 300 1.6000 360.8000
S0109 -19.2000 9.7000 57319 64800 300 2.7000 345.3000
S1083 -19.3000 9.4000 28231 43024 300 1.8000 122.3000
S0504 -18.6000 10.6000 42538 60847 300 1.7000 57.4000
S1824 -18.3000 10.3000 57148 64800 300 1.1000 267.2000
S1038 -18.3000 9.5000 41806 51291 300 0.9000 300.7000
S0398 -18.5000 8.9000 38598 57233 300 1.3000 337.8000
S0692 -17.3000 9.5000 32225 50599 300 0.8000 170.4000
S0076 -1.9000 -2.4000 47792 60928 300 2.6000 275.6000
