S0489 -0.3000 -7.8000 46170 60462 300 0.5000 367.2000
S0193 0.2000 -7.4000 24531 37710 300 0.6000 315.7000
S1749 -0.6000 -6.4000 50108 64800 300 0.6000 383.3000
S0594 0.2000 -6.0000 55844 64800 300 2.4000 272.1000
S1126 0.8000 -6.5000 39950 50314 300 2.2000 57.4000
S1511 0.9000 0.7000 50524 64800 300 1.0000 300.4000
S1008 1.9000 -5.3000 35412 53364 300 0.9000 192.8000
S1792 0.6000 -5.8000 56706 64800 300 1.8000 93.4000
S0081 1.4000 -7.3000 37618 56194 300 0.7000 246.0000
S1274 0.2000 -6.2000 41656 63081 300 2.6000 136.0000
S1066 1.0000 -10.8000 29409 42434 300 2.6000 91.5000
