S1875 -3.2000 13.3000 22578 42937 300 1.9000 102.8000
S1264 -1.2000 12.2000 22752 33301 300 1.2000 217.0000
S1845 -1.8000 12.0000 56460 64800 300 1.3000 248.9000
S1018 -3.3000 11.6000 50798 59544 300 0.7000 223.7000
S0011 -3.0000 11.3000 50660 64666 300 2.5000 163.5000
S0412 -3.2000 11.2000 43482 55899 300 2.0000 61.9000
S1539 -3.7000 11.0000 37505 56107 300 3.0000 114.7000
S0873 -1.1000 11.3000 37326 52837 300 1.5000 379.1000
S0186 -3.7000 10.7000 28510 49480 300 0.9000 344.4000
S0904 -2.4000 1.1000 52400 64800 300 2.7000 215.0000
