S1192 2.5000 16.1000 49105 64800 300 1.3000 77.3000
S0578 1.7000 17.6000 23221 37355 300 2.3000 95.1000
S0666 3.7000 16.8000 48714 57242 300 2.3000 243.4000
S0160 1.7000 16.7000 27159 39569 300 0.6000 347.5000
S0348 2.4000 16.8000 34348 55607 300 0.7000 187.5000
S1155 3.0000 16.9000 53376 64800 300 2.7000 275.3000
S1139 2.0000 15.6000 40699 56632 300 1.5000 96.2000
S0382 1.1000 16.2000 21828 34469 300 1.4000 200.2000
S1024 -0.5000 17.6000 23772 40858 300 1.4000 159.7000
S1363 1.9000 17.7000 37944 45739 300 1.6000 271.9000
