S0634 0.6000 4.4000 49375 59073 300 0.5000 116.8000
S0700 -1.6000 4.7000 49126 64800 300 0.6000 107.8000
S1355 1.2000 7.7000 56073 64800 300 0.6000 272.6000
S0961 -1.2000 4.2000 31015 39039 300 1.2000 320.1000
S0295 0.9000 5.6000 35869 55100 300 1.4000 213.0000
S0312 0.6000 5.2000 37755 47953 300 2.9000 310.3000
S0797 0.8000 5.7000 30784 47919 300 1.0000 208.4000
S0325 0.6000 5.8000 28590 43662 300 0.8000 344.3000
S1849 2.1000 5.2000 57113 64800 300 0.7000 93.5000
S1756 2.4000 5.8000 50509 64800 300 1.9000 164.4000
S1242 1.7000 7.8000 48058 60170 300 2.8000 336.9000
S0472 2.0000 5.8000 47597 64800 300 1.5000 349.6000
