S1687 -15.4000 17.1000 37875 56902 300 3.0000 136.9000
S1655 -14.1000 16.7000 32566 47931 300 2.9000 71.0000
S0128 -14.1000 16.7000 41820 50960 300 1.0000 378.8000
S1591 -13.5000 15.8000 25601 39887 300 1.0000 170.8000
S0387 -14.1000 16.4000 44292 57538 300 0.9000 255.6000
S1246 -13.2000 17.6000 53582 64800 300 0.8000 169.4000
S1075 -14.0000 17.7000 42220 50795 300 2.8000 219.3000
S1746 -16.0000 15.7000 24072 44806 300 0.6000 54.6000
S0613 -14.9000 16.1000 46147 59929 300 0.6000 263.1000
S1373 -14.4000 16.3000 56383 64800 300 2.0000 138.0000
