S0327 13.7000 16.5000 35961 57153 300 0.5000 135.8000
S0921 16.5000 15.0000 39281 52632 300 0.6000 209.4000
S0699 16.0000 15.9000 27554 44301 300 1.1000 231.0000
S1262 14.9000 17.2000 43084 56069 300 2.4000 399.8000
S0566 15.2000 17.1000 39763 54947 300 3.0000 135.6000
S0895 15.2000 18.0000 31951 45727 300 2.9000 236.1000
S1305 13.1000 16.8000 53719 64800 300 1.0000 180.3000
S0101 16.2000 15.5000 31394 52635 300 0.9000 109.2000
S1858 13.8000 17.5000 43353 55492 300 1.5000 268.9000
S0740 14.1000 17.2000 30800 45479 300 2.0000 232.8000
