S1615 -1.5000 -19.6000 53024 64800 300 0.6000 128.4000
S0269 -3.7000 -18.4000 42356 61736 300 1.4000 204.2000
S0273 -4.2000 -19.9000 26304 38256 300 1.3000 380.0000
S0433 -2.2000 -17.9000 37887 55408 300 2.3000 225.6000
S1532 -0.5000 -17.3000 26724 38125 300 2.3000 110.3000
S1755 -3.5000 -19.7000 45957 64800 300 0.8000 163.0000
S1421 -2.3000 -17.8000 42151 59628 300 0.8000 208.8000
S0545 -0.7000 -18.5000 26002 34779 300 2.9000 309.9000
S1590 -2.6000 -19.5000 31962 47023 300 1.0000 321.3000
S1927 -1.8000 -18.4000 55899 64800 300 1.0000 383.6000
S0526 -2.1000 -17.9000 49405 58440 300 1.6000 321.2000
