S0208 -16.5000 -9.5000 56853 64800 300 1.1000 191.8000
S1520 -15.3000 -9.4000 53556 64800 300 1.2000 122.8000
S1608 -15.4000 -8.2000 35452 55442 300 1.2000 176.5000
S0541 -14.4000 -9.4000 51603 64800 300 0.5000 136.4000
S0179 -14.9000 -8.2000 32366 47824 300 0.7000 128.3000
S0229 -16.8000 -9.9000 49503 64800 300 1.6000 275.1000
S0854 -14.5000 -9.5000 26772 42670 300 2.1000 60.9000
S1455 -16.4000 -10.1000 51197 64800 300 1.5000 256.8000
S1683 1.1000 3.0000 30439 49640 300 2.4000 239.5000
S1194 -15.6000 -10.6000 44518 60991 300 2.9000 226.0000
S1507 -15.9000 -11.0000 49447 64800 300 1.7000 128.0000
