S0701 -0.7000 13.0000 31084 49005 300 2.2000 290.5000
S0203 -1.5000 12.8000 55801 64800 300 0.7000 255.5000
S0778 -0.0000 12.5000 48174 64800 300 0.6000 197.5000
S0588 -2.0000 13.3000 51821 64800 300 1.4000 211.2000
S1682 -2.0000 14.0000 54119 64800 300 1.1000 160.8000
S1724 -2.2000 12.6000 24624 39717 300 1.3000 251.7000
S0968 -0.5000 12.6000 24925 37249 300 1.3000 336.9000
S1100 -1.6000 12.5000 41227 60406 300 0.8000 377.1000
S1828 -1.8000 13.3000 34478 46894 300 2.9000 85.8000
S0605 -2.2000 13.3000 47020 59696 300 0.9000 107.1000
S1593 -0.9000 14.4000 48421 64800 300 2.8000 305.6000
