S0102 -8.0000 -14.5000 49953 61322 300 0.5000 197.8000
S0181 -6.5000 -14.2000 27532 36998 300 0.5000 81.3000
S0466 -7.5000 -13.1000 41077 56242 300 1.1000 132.4000
S0712 -7.2000 -12.8000 48062 64800 300 1.3000 374.4000
S1086 -6.6000 -14.8000 33903 44709 300 2.9000 85.4000
S1221 -7.7000 -11.8000 56090 64800 300 0.8000 184.1000
S0249 -7.6000 -14.8000 48003 61176 300 0.9000 331.0000
S0367 -6.3000 -12.6000 32375 49731 300 0.6000 259.3000
S0440 -7.4000 -11.4000 31639 50035 300 2.6000 369.4000
S1533 -7.0000 -15.7000 50398 58640 300 2.7000 385.5000
S0804 -6.9000 -12.4000 45640 64800 300 1.9000 276.0000
