S0291 -11.4000 7.5000 52906 64800 300 0.5000 117.6000
S1450 -11.7000 9.4000 52085 64800 300 0.6000 125.6000
S0332 -10.3000 7.2000 33738 54309 300 1.2000 124.5000
S1717 -11.8000 8.2000 24584 34275 300 1.3000 303.9000
S1554 -8.0000 9.6000 47655 64800 300 2.3000 353.2000
S1914 -9.5000 9.8000 31587 45676 300 1.0000 240.1000
S0870 -11.6000 7.9000 32975 53514 300 1.8000 176.9000
S0391 -11.8000 6.8000 32968 54132 300 1.7000 91.2000
S0704 -10.1000 9.5000 50014 60846 300 1.5000 144.8000
S0586 -10.9000 8.7000 51058 63573 300 2.0000 313.2000
S1196 -10.3000 7.5000 46349 64800 300 2.0000 80.0000
