S1469 -9.7000 3.8000 40640 50978 300 1.2000 328.8000
S0718 -11.7000 5.5000 31676 47383 300 1.0000 101.3000
S0400 -9.3000 7.4000 26459 43626 300 1.0000 184.7000
S1015 -8.5000 6.5000 54407 64800 300 1.0000 323.4000
S0447 -10.2000 5.1000 53735 61827 300 0.8000 125.1000
S1176 -10.6000 7.0000 33318 52056 300 2.1000 250.5000
S0119 -9.2000 7.4000 42094 50637 300 1.8000 251.4000
S0765 -9.1000 7.4000 41523 54758 300 1.8000 300.0000
S0976 -11.5000 6.9000 56438 64800 300 2.5000 152.8000
S1446 -11.2000 6.6000 25928 38423 300 2.7000 357.0000
