S1283 12.8000 -5.0000 52879 61335 300 0.7000 150.3000
S1771 12.7000 -4.0000 55544 64800 300 0.6000 214.6000
S0654 11.1000 -4.7000 41783 53339 300 0.6000 56.0000
S1426 13.6000 -4.1000 55176 64800 300 1.6000 167.0000
S0920 12.6000 -3.6000 29609 44909 300 1.6000 350.6000
S0202 13.3000 -5.7000 26950 40113 300 2.0000 71.9000
S0929 13.5000 -5.3000 33800 46341 300 1.5000 144.8000
S0364 13.8000 -3.7000 50595 59110 300 2.5000 121.8000
S1091 13.5000 -3.7000 35344 52109 300 2.4000 257.9000
S1423 12.2000 -6.1000 51654 64800 300 1.7000 176.8000
S1258 1.0000 0.6000 38377 51152 300 1.7000 315.4000
