S1032 -0.6000 7.5000 24385 32454 300 1.3000 388.9000
S0465 -2.0000 7.2000 23887 31990 300 1.3000 381.2000
S0265 -1.7000 8.0000 46843 60985 300 1.2000 212.7000
S0556 -1.1000 9.3000 24493 42854 300 0.8000 288.3000
S0151 -2.1000 9.4000 52981 64800 300 1.7000 395.2000
S1797 -0.1000 7.8000 44457 63245 300 2.9000 312.0000
S1594 -2.0000 7.4000 42583 51338 300 0.9000 388.4000
S1685 -1.8000 7.9000 31590 45717 300 2.1000 315.8000
S0108 -3.3000 8.8000 52824 64800 300 1.8000 182.1000
S0360 -0.6000 7.6000 44076 53514 300 2.0000 352.3000
