S0683 -6.2000 -17.3000 23622 42013 300 2.2000 246.3000
S1715 -4.4000 -17.1000 55823 64800 300 2.2000 326.4000
S1445 -5.3000 -17.4000 45636 54302 300 0.5000 341.2000
S0356 -4.4000 -17.9000 31473 44941 300 0.6000 300.6000
S0319 -5.8000 -16.4000 50525 58552 300 1.3000 131.2000
S0528 -5.4000 -16.8000 34862 56055 300 0.8000 220.1000
S1605 -6.1000 -17.2000 54185 64800 300 1.0000 214.9000
S1578 -5.0000 -16.2000 48032 64800 300 1.9000 53.9000
S1316 -4.3000 -18.5000 33851 43415 300 2.7000 217.4000
S0003 -6.7000 -16.6000 34537 42721 300 2.8000 366.4000
