S0766 11.3000 -11.0000 38279 57403 300 1.8000 155.6000
S1852 10.1000 -12.1000 49698 64800 300 1.4000 256.2000
S0010 10.5000 -11.2000 49144 64800 300 0.8000 262.2000
S0140 10.8000 -10.8000 36586 48191 300 1.1000 121.8000
S1743 10.7000 -10.9000 42072 61492 300 2.2000 228.7000
S0517 11.1000 -10.1000 35808 54154 300 0.7000 256.6000
S1219 10.3000 -10.7000 43733 52175 300 2.5000 398.2000
S0746 8.8000 -11.8000 45599 59341 300 0.8000 67.0000
S1529 9.2000 -10.7000 22007 38530 300 0.6000 233.6000
S0917 9.6000 -10.3000 37615 46056 300 2.4000 102.7000
S0629 9.4000 -10.2000 30243 38887 300 0.6000 97.6000
S0515 2.2000 1.2000 50919 60474 300 2.6000 255.7000
