S1388 -3.7000 -3.2000 41507 58708 300 0.6000 198.5000
S1853 -6.7000 -0.8000 28205 36454 300 1.2000 352.1000
S0301 -5.9000 -1.9000 30200 47953 300 1.2000 102.4000
S0381 -6.2000 -1.2000 25633 34012 300 1.0000 251.9000
S1583 -2.5000 -1.5000 45359 56561 300 1.0000 345.9000
S0450 -6.3000 -1.2000 45350 58233 300 0.8000 255.5000
S0363 -4.1000 -0.7000 30545 43580 300 2.1000 175.8000
S0620 -5.7000 -2.5000 39223 51497 300 1.8000 97.5000
S0669 -4.3000 -2.2000 45681 57468 300 0.7000 397.3000
S0617 -6.1000 1.2000 34596 49818 300 1.9000 104.5000
S0059 -2.6000 -3.2000 54669 64800 300 1.9000 304.4000
S1840 -2.9000 -2.2000 29964 48049 300 1.7000 184.4000
