S0211 18.1000 10.2000 33306 49816 300 2.0000 87.5000
S0880 17.4000 10.3000 47249 63709 300 2.5000 302.1000
S0034 16.9000 10.1000 53487 64800 300 0.7000 146.9000
S0147 16.6000 9.7000 56124 64800 300 2.1000 151.0000
S1136 15.5000 10.0000 34937 50342 300 1.4000 201.0000
S0599 16.4000 7.6000 44484 64800 300 1.2000 290.4000
S0483 15.9000 7.8000 28912 38842 300 1.4000 278.0000
S1074 14.6000 9.7000 27091 46113 300 2.0000 370.4000
S1630 12.8000 6.3000 22281 31855 300 1.4000 200.2000
S1413 3.0000 0.5000 23993 35651 300 2.9000 227.7000
