S1419 -4.1000 16.9000 54154 64800 300 1.8000 108.9000
S1827 -4.0000 16.9000 31561 40018 300 1.9000 278.4000
S1057 -4.6000 15.1000 34046 46730 300 1.8000 374.0000
S1744 -3.8000 15.3000 52927 64800 300 1.0000 182.9000
S0371 -3.0000 14.9000 36908 51568 300 1.6000 173.5000
S0882 -3.0000 14.5000 44914 57066 300 2.8000 191.1000
S1344 -3.7000 14.3000 46495 64800 300 0.8000 72.1000
S0647 -3.4000 14.3000 54610 62168 300 1.2000 81.9000
S1553 -3.9000 13.8000 35410 56259 300 2.3000 129.8000
S1390 0.8000 -0.6000 45952 64800 300 2.8000 176.7000
