S0786 -19.1000 6.6000 28175 37424 300 1.1000 308.8000
S1786 -18.7000 5.2000 41220 51514 300 0.7000 296.5000
S1439 -17.1000 4.1000 55271 63821 300 0.6000 239.0000
S1275 -18.5000 5.3000 46470 54844 300 2.7000 56.9000
S1670 -18.4000 4.9000 31960 51435 300 2.5000 335.1000
S0228 -19.9000 6.1000 38209 58087 300 1.2000 68.1000
S1505 -17.6000 5.3000 54684 64800 300 1.3000 268.2000
S1791 -18.1000 5.2000 53732 64800 300 1.5000 253.8000
S0399 -18.3000 5.0000 33862 51950 300 2.4000 242.3000
S0125 -17.1000 5.0000 32602 53175 300 1.6000 297.1000
