S1154 7.4000 12.2000 39490 60816 300 1.4000 308.8000
S1701 6.1000 11.9000 51018 64800 300 1.1000 178.1000
S1182 6.7000 14.6000 25224 39464 300 1.3000 309.9000
S1036 6.7000 13.3000 50513 63886 300 3.0000 56.3000
S1640 7.7000 13.1000 37998 51415 300 1.7000 168.1000
S1908 7.3000 13.1000 51512 64800 300 1.0000 248.4000
S1078 6.0000 13.3000 48775 64800 300 1.0000 304.1000
S0171 7.9000 14.1000 32634 42313 300 2.6000 198.1000
S0016 6.9000 12.4000 29580 47560 300 0.9000 279.0000
S0163 7.7000 12.7000 56712 64800 300 2.0000 268.3000
