S1502 -14.5000 -14.4000 45513 53727 300 0.7000 81.8000
S0641 -14.5000 -14.1000 56252 64800 300 0.7000 164.1000
S1193 -13.4000 -13.4000 30052 44381 300 0.6000 379.9000
S1865 -15.5000 -14.0000 44619 61344 300 1.2000 235.7000
S0275 -14.6000 -14.6000 22492 41035 300 1.2000 264.7000
S0097 -13.7000 -14.9000 50437 58126 300 2.5000 316.9000
S1229 -12.8000 -15.3000 27733 41873 300 0.8000 289.8000
S0583 -15.5000 -13.6000 34992 52392 300 0.9000 231.0000
S1216 -15.0000 -13.9000 26267 45206 300 1.8000 192.9000
S0049 -13.7000 -15.9000 38167 45561 300 2.8000 373.4000
S1473 -14.8000 -13.9000 49660 64800 300 2.8000 80.2000
