S0695 4.5000 17.8000 34097 52945 300 1.2000 316.2000
S0289 6.0000 16.3000 45449 58316 300 1.2000 296.3000
S1350 5.1000 11.9000 26605 45483 300 2.2000 117.8000
S1788 5.0000 19.6000 24900 39727 300 0.8000 94.1000
S1340 4.7000 17.5000 39429 48981 300 0.9000 336.0000
S1436 5.5000 16.3000 42879 59677 300 0.6000 256.7000
S1634 4.6000 17.1000 44650 60092 300 0.7000 99.5000
S1278 5.8000 16.7000 33959 55328 300 2.7000 201.8000
S0458 4.8000 19.3000 43031 53966 300 1.9000 76.3000
S0253 4.8000 18.5000 56180 64800 300 2.0000 101.4000
S1238 5.8000 17.4000 45965 64800 300 1.5000 327.9000
