S0551 1.8000 14.9000 51915 64800 300 1.0000 321.8000
S0210 3.7000 14.5000 55645 64800 300 0.7000 239.6000
S0259 4.2000 14.3000 47028 55558 300 1.3000 183.0000
S1312 1.5000 14.6000 28857 48644 300 0.6000 204.4000
S1033 5.3000 13.6000 53848 64800 300 0.8000 277.0000
S1647 4.0000 13.7000 27958 38263 300 0.6000 95.0000
S1905 2.3000 14.0000 27748 45971 300 2.1000 380.2000
S0710 3.0000 13.5000 33581 54984 300 1.5000 81.4000
S0995 3.0000 15.4000 42460 52471 300 2.3000 178.4000
S0001 5.1000 15.3000 39263 47915 300 2.4000 68.5000
S0745 6.2000 14.7000 24896 36833 300 1.4000 200.6000
S1516 0.1000 -3.3000 39868 60920 300 2.2000 79.0000
