S1109 0.3000 11.3000 38676 52225 300 1.1000 93.0000
S0796 1.5000 7.9000 43553 57354 300 1.1000 374.5000
S0056 0.8000 10.1000 47880 58943 300 1.3000 368.8000
S0474 1.9000 10.2000 57528 64800 300 2.3000 128.7000
S0167 1.2000 10.2000 42768 58001 300 0.9000 382.2000
S0899 1.1000 10.1000 32410 53227 300 1.0000 113.7000
S1041 2.9000 11.3000 41056 56946 300 1.0000 67.2000
S1268 -0.1000 9.7000 56347 64800 300 1.7000 283.7000
S0825 1.3000 10.5000 31352 39631 300 0.7000 251.6000
S0788 1.5000 10.9000 57267 64800 300 2.7000 220.7000
S1108 1.7000 9.8000 23561 32419 300 2.0000 327.1000
