S0677 9.1000 13.4000 44768 59621 300 1.5000 132.0000
S1286 9.4000 12.9000 41923 57072 300 0.6000 128.6000
S1666 8.6000 13.5000 48246 60968 300 1.1000 365.4000
S0793 9.1000 13.7000 44680 59221 300 2.5000 97.1000
S1758 8.7000 14.2000 54219 64800 300 2.4000 187.8000
S1909 9.9000 12.0000 32801 42054 300 1.0000 243.3000
S0388 9.3000 14.6000 23123 38287 300 1.9000 209.4000
S1729 9.3000 15.3000 26050 38238 300 1.8000 103.1000
S0353 8.9000 16.4000 28344 38825 300 1.6000 161.1000
S1620 10.9000 14.4000 43935 55045 300 1.6000 131.3000
