S1790 13.5000 7.3000 48614 64800 300 0.8000 222.1000
S0456 14.0000 7.5000 33639 50513 300 0.9000 61.9000
S0206 13.3000 10.8000 47679 62876 300 2.6000 305.0000
S1868 12.5000 10.1000 46259 58518 300 2.5000 71.6000
S0925 14.0000 7.8000 34209 42815 300 1.9000 331.9000
S0484 13.5000 8.7000 24132 35407 300 1.0000 313.8000
S1237 14.0000 7.9000 54348 64568 300 0.7000 123.7000
S0322 13.8000 8.6000 56057 64800 300 1.7000 128.3000
S1772 11.6000 9.2000 26035 43763 300 1.8000 360.5000
S1569 12.6000 9.4000 23369 30905 300 1.6000 395.3000
