S0158 10.3000 -16.8000 32405 47271 300 0.6000 376.9000
S0685 9.3000 -16.2000 22413 36371 300 0.6000 183.1000
S1899 7.9000 -15.7000 45017 52591 300 0.6000 287.6000
S1870 9.6000 -15.8000 45922 61801 300 1.3000 69.3000
S0803 10.2000 -16.6000 53866 64800 300 2.3000 292.8000
S0021 9.4000 -16.5000 22803 37109 300 0.8000 153.9000
S1863 9.0000 -17.3000 25567 39392 300 1.9000 262.9000
S0080 8.9000 -17.2000 45399 56466 300 2.5000 226.1000
S1184 10.2000 -16.8000 45101 53482 300 2.6000 245.3000
S0274 9.6000 -16.7000 55730 64800 300 2.7000 221.6000
