S0036 3.2000 11.0000 47351 64800 300 0.7000 306.9000
S1068 3.3000 10.6000 30825 50117 300 1.1000 371.2000
S1070 2.1000 10.8000 57480 64800 300 1.2000 72.5000
S1395 3.1000 10.3000 45957 54501 300 2.5000 344.0000
S0996 3.4000 10.2000 51427 64431 300 1.5000 214.3000
S0963 2.3000 10.3000 54269 62184 300 1.3000 290.8000
S0170 2.3000 9.8000 34585 47176 300 0.5000 257.0000
S0914 3.3000 9.1000 48291 60004 300 1.2000 125.1000
S1416 2.9000 9.2000 27234 46010 300 2.7000 188.5000
S0668 2.8000 8.2000 53671 64800 300 1.6000 307.9000
S0095 2.7000 8.1000 39593 60670 300 0.9000 125.3000
S1110 -0.1000 -1.0000 45955 63447 300 2.9000 133.2000
