S0897 13.8000 11.0000 28184 43434 300 1.1000 163.4000
S0223 14.9000 11.8000 56740 64800 300 1.2000 388.6000
S1829 15.0000 11.0000 47161 55077 300 0.5000 200.2000
S0162 13.0000 11.1000 43000 51542 300 0.5000 377.7000
S0864 16.9000 11.5000 53037 64800 300 2.5000 371.9000
S0527 15.3000 12.4000 35731 56958 300 2.5000 281.0000
S1913 16.0000 10.8000 29941 46839 300 2.5000 152.2000
S1147 13.5000 11.3000 41357 53008 300 0.7000 390.7000
S1345 14.9000 12.4000 23315 40192 300 2.6000 312.8000
S0106 15.0000 10.6000 53534 64030 300 1.6000 355.2000
