S1465 -10.7000 -3.5000 45029 64800 300 1.2000 252.9000
S1112 -10.5000 -4.9000 31666 40467 300 1.1000 203.1000
S0810 -11.9000 -4.4000 51294 60316 300 2.4000 284.6000
S1437 -11.5000 -4.2000 55866 64800 300 1.0000 385.4000
S1912 -11.4000 -4.6000 50206 57627 300 0.8000 297.0000
S0431 -11.5000 -4.3000 54297 64800 300 0.8000 390.6000
S1641 -10.8000 -4.2000 55900 64800 300 2.5000 137.9000
S1213 -12.8000 -2.7000 32903 40160 300 2.6000 274.5000
S0970 -11.4000 -5.0000 55343 64800 300 1.5000 183.0000
S0851 -11.6000 -1.6000 33726 46589 300 2.0000 125.2000
