S0659 -17.2000 -15.8000 23722 35802 300 3.0000 294.3000
S0751 -18.9000 -14.1000 55319 64800 300 2.9000 292.9000
S0339 -16.3000 -14.2000 55171 64109 300 0.9000 209.5000
S0481 -18.4000 -14.2000 42573 61281 300 0.8000 323.9000
S1013 -16.3000 -14.0000 43148 50858 300 0.8000 242.2000
S0182 -17.1000 -14.0000 43210 61013 300 0.5000 55.5000
S1180 -16.3000 -12.8000 47930 64800 300 0.5000 136.6000
S1762 -16.6000 -15.5000 50891 64800 300 2.5000 153.3000
S0100 -19.3000 -13.8000 46066 55325 300 1.5000 133.0000
S1236 -18.5000 -15.2000 41715 56729 300 2.2000 302.5000
