S1886 16.0000 -4.1000 26736 36163 300 1.5000 100.3000
S1222 15.9000 -3.0000 33129 54508 300 1.5000 309.8000
S1431 15.7000 -3.7000 55701 64800 300 1.4000 112.8000
S1047 15.3000 -3.8000 47262 59176 300 0.6000 100.2000
S0533 15.0000 -3.8000 38551 57820 300 0.8000 373.8000
S1361 15.7000 -2.7000 50581 64527 300 1.7000 209.1000
S1140 -1.6000 -0.7000 48648 62562 300 1.9000 339.3000
S1534 16.3000 -3.4000 23746 31706 300 2.8000 239.4000
S1012 17.2000 -5.5000 32023 43584 300 2.6000 352.7000
S1185 16.0000 -3.4000 51717 64800 300 2.2000 169.5000
