S1025 4.9000 -19.3000 27825 43857 300 2.2000 357.4000
S0396 6.4000 -18.7000 43238 53952 300 2.2000 302.5000
S0082 5.5000 -18.4000 54771 63953 300 0.5000 156.5000
S0511 4.2000 -19.3000 28586 36062 300 0.7000 336.6000
S1414 7.3000 -19.9000 49032 57085 300 0.6000 208.7000
S0380 5.9000 -19.5000 45766 56620 300 1.1000 289.0000
S1017 6.7000 -20.0000 55306 62766 300 1.7000 264.2000
S0852 5.7000 -19.2000 33498 41546 300 2.6000 387.6000
S1016 5.8000 -18.7000 42450 52456 300 2.6000 86.5000
S1365 6.2000 -19.7000 49461 60842 300 0.9000 343.2000
S1684 5.0000 -16.9000 22676 33061 300 0.9000 381.4000
