S0240 19.6000 -15.4000 23648 41904 300 1.1000 343.7000
S1351 17.1000 -17.4000 37992 55201 300 1.1000 368.4000
S1195 19.9000 -14.5000 36562 53072 300 1.0000 371.2000
S1174 17.9000 -12.8000 46800 55795 300 0.5000 282.3000
S0576 18.0000 -12.6000 34404 51258 300 0.5000 54.6000
S0866 19.8000 -15.9000 36586 54088 300 2.5000 135.0000
S0940 19.8000 -16.1000 24135 35139 300 2.0000 238.5000
S1398 18.7000 -17.2000 39603 54881 300 2.3000 338.7000
S1917 18.0000 -16.9000 47318 64800 300 2.3000 126.3000
S0690 19.1000 -18.0000 42293 62242 300 2.3000 260.6000
