S1738 -6.8000 1.4000 51712 64800 300 0.5000 304.3000
S1817 -2.6000 -0.4000 40293 53909 300 1.1000 107.7000
S0682 -1.9000 2.8000 46752 58612 300 2.3000 390.8000
S1072 -5.0000 2.9000 35914 57289 300 0.8000 369.5000
S1555 -2.4000 1.1000 38880 49596 300 0.9000 309.5000
S1121 -3.8000 3.6000 36835 54715 300 0.9000 189.6000
S0939 -4.8000 1.7000 45448 64063 300 1.0000 55.5000
S1779 -4.4000 2.8000 39339 48219 300 0.6000 186.7000
S0537 -5.1000 0.5000 46061 64800 300 0.6000 96.4000
S1187 -3.8000 3.0000 52662 61389 300 2.0000 295.2000
S1282 -3.9000 2.5000 54844 64800 300 1.9000 137.7000
S0936 -4.1000 3.0000 36283 55520 300 1.6000 163.8000
S1433 -5.0000 0.8000 50695 64800 300 1.6000 389.3000
