S1481 8.2000 -18.8000 52989 64800 300 2.5000 226.2000
S1163 9.1000 -19.7000 37633 53009 300 0.5000 388.3000
S1254 8.7000 -18.8000 31360 51523 300 0.5000 180.2000
S1244 7.7000 -19.0000 54902 62772 300 0.5000 323.9000
S0413 9.2000 -18.8000 38280 55912 300 2.3000 266.3000
S0303 9.3000 -18.6000 53354 61130 300 2.3000 153.1000
S1890 8.7000 -18.6000 26351 42914 300 2.2000 84.6000
S1636 10.0000 -18.9000 27687 38989 300 2.2000 357.2000
S1679 7.9000 -19.6000 23058 39544 300 0.8000 62.6000
S0344 8.5000 -19.1000 45912 62102 300 1.3000 140.8000
