S0688 -2.5000 8.6000 27348 39663 300 0.7000 271.5000
S1861 -0.7000 11.7000 57388 64800 300 0.6000 150.5000
S1580 -4.1000 8.6000 36005 53637 300 0.6000 383.9000
S1526 -3.4000 10.4000 40498 48702 300 2.4000 193.0000
S1247 -4.1000 10.8000 41502 60795 300 2.6000 346.8000
S1374 -3.7000 9.0000 28970 50058 300 0.9000 244.8000
S0248 -4.1000 10.8000 46321 55785 300 0.9000 150.8000
S1289 -3.9000 10.3000 31623 44509 300 2.1000 76.9000
S1191 -3.6000 9.2000 30059 49337 300 2.0000 347.7000
S0358 -5.9000 9.8000 31496 52282 300 1.6000 110.6000
S1124 -3.0000 6.8000 49952 64800 300 1.6000 256.9000
