S0508 -1.0000 -14.9000 37203 57572 300 1.0000 83.7000
S0480 -2.3000 -13.2000 34676 42900 300 0.8000 220.9000
S0648 -0.5000 -13.4000 34067 51214 300 0.8000 75.9000
S1530 -2.4000 -13.0000 52170 60265 300 2.8000 77.8000
S1895 -2.1000 -13.5000 29006 50076 300 0.7000 276.0000
S1430 -2.5000 -13.1000 29481 45640 300 0.7000 146.0000
S0058 -1.0000 -12.9000 23865 44495 300 2.1000 226.1000
S1298 -1.8000 -11.5000 55852 64800 300 1.9000 71.2000
S1510 -1.9000 -13.1000 43691 58827 300 2.4000 176.2000
S1451 -3.2000 -12.2000 35076 43250 300 2.4000 112.4000
