S0724 8.0000 -11.7000 30293 42663 300 1.1000 297.7000
S1094 7.8000 -11.2000 42567 55337 300 2.5000 233.4000
S1602 8.4000 -9.9000 50133 64800 300 1.6000 204.0000
S0231 8.5000 -9.4000 49692 61087 300 1.1000 153.4000
S0595 7.9000 -9.2000 40300 56364 300 0.6000 385.3000
S1292 7.7000 -8.7000 26634 46647 300 1.2000 225.8000
S0377 6.3000 -8.8000 34759 56331 300 0.8000 284.1000
S1464 7.2000 -7.1000 43680 56022 300 1.1000 305.1000
S1188 -0.3000 -4.4000 41611 58654 300 2.5000 113.8000
S0123 3.7000 -0.8000 23179 35996 300 2.6000 118.3000
S0616 0.9000 -1.4000 38319 57023 300 2.6000 185.0000
