S0261 -2.3000 -1.3000 40374 60045 300 0.6000 233.9000
S0238 -2.7000 -0.6000 22606 38199 300 1.4000 129.3000
S1490 -4.6000 0.1000 54439 64800 300 1.4000 245.6000
S0593 -3.9000 0.4000 47688 59274 300 1.2000 345.9000
S1035 -4.4000 1.3000 51783 59529 300 2.4000 336.1000
S1613 -4.9000 1.3000 36137 47356 300 2.3000 344.9000
S0197 -3.8000 0.2000 40875 48907 300 1.0000 294.4000
S0184 -3.2000 2.2000 24577 37194 300 2.1000 183.5000
S0663 -4.8000 -0.1000 33482 52986 300 1.8000 176.9000
S0296 -5.0000 0.6000 29224 36718 300 1.8000 128.2000
