S0874 -0.5000 9.7000 52510 64800 300 1.5000 206.5000
S1680 -0.2000 7.7000 57591 64800 300 1.5000 125.6000
S0254 -0.1000 9.0000 48359 62774 300 1.1000 89.3000
S1277 -0.4000 7.8000 40242 51730 300 1.1000 116.0000
S0977 0.7000 8.9000 25790 36431 300 1.3000 240.9000
S1357 -0.2000 8.8000 56063 64800 300 1.2000 227.5000
S0753 -0.2000 8.5000 54171 64800 300 1.7000 339.4000
S1375 0.8000 9.8000 25946 40536 300 2.9000 177.3000
S1625 -0.0000 8.2000 32838 51259 300 1.9000 368.2000
S0959 0.7000 7.0000 46850 64644 300 1.8000 384.1000
