S1477 4.8000 0.3000 32018 40242 300 0.7000 118.5000
S1714 3.7000 0.6000 46051 62535 300 0.7000 150.3000
S1293 3.1000 -1.6000 54756 63387 300 0.6000 132.2000
S1440 4.1000 1.4000 55271 64800 300 1.4000 321.8000
S1461 -0.5000 -1.0000 51796 64800 300 1.4000 99.1000
S1063 3.0000 0.2000 36897 46954 300 1.3000 59.5000
S0113 4.6000 1.4000 32972 53226 300 1.3000 300.7000
S0949 3.6000 0.9000 47238 60796 300 1.7000 151.5000
S1291 5.2000 0.4000 55564 64800 300 1.0000 255.4000
S1722 3.2000 1.6000 37012 54867 300 2.1000 360.5000
S1623 3.2000 -1.8000 29477 49203 300 1.8000 314.2000
S0954 5.2000 1.8000 51877 64800 300 2.0000 333.2000
