S0514 -14.7000 -7.1000 41502 55192 300 0.7000 340.0000
S0565 -14.0000 -6.8000 55176 64800 300 1.3000 102.4000
S1547 -12.8000 -7.1000 32505 49777 300 1.3000 339.3000
S0826 -13.3000 -8.6000 54292 64800 300 1.2000 316.9000
S0790 -12.8000 -9.1000 42746 60613 300 0.8000 125.8000
S0297 -14.4000 -6.9000 39313 60790 300 1.0000 303.4000
S0953 -14.3000 -9.5000 41597 59024 300 2.6000 249.6000
S1711 -15.2000 -6.7000 34418 49580 300 2.7000 238.5000
S1800 -13.3000 -7.1000 24372 44714 300 2.8000 180.6000
S0640 -12.9000 -6.3000 24245 43136 300 1.6000 271.5000
