S1197 19.6000 8.6000 48879 64800 300 0.5000 239.2000
S0414 18.6000 9.3000 41613 58679 300 0.6000 185.1000
S1143 19.5000 10.0000 43635 52065 300 2.4000 62.3000
S1632 19.8000 9.7000 24243 32381 300 0.8000 381.0000
S0827 19.9000 10.8000 53820 61447 300 0.8000 289.9000
S1386 18.4000 10.7000 48337 59063 300 1.9000 361.6000
S0205 19.7000 9.8000 39021 55950 300 1.9000 243.2000
S1441 18.2000 10.2000 34795 43939 300 1.7000 261.1000
S1452 19.9000 9.9000 32699 52627 300 2.6000 166.2000
S0350 19.5000 10.7000 38175 56121 300 2.7000 309.1000
