S0512 -13.8000 16.0000 47339 55450 300 1.5000 94.4000
S1815 -13.8000 14.5000 56045 64800 300 1.5000 243.0000
S1782 -14.1000 13.6000 54325 64800 300 0.5000 106.2000
S0065 -12.1000 13.2000 49502 61581 300 0.7000 286.8000
S1273 -12.6000 15.9000 54780 64800 300 0.6000 306.0000
S1339 -14.1000 15.1000 32441 45417 300 1.3000 330.9000
S1704 -11.8000 15.0000 50772 64800 300 2.4000 330.0000
S0823 -13.9000 15.9000 32688 40372 300 2.9000 89.9000
S1404 -13.4000 16.0000 51367 63286 300 2.6000 265.8000
S1406 -13.2000 15.2000 33812 54063 300 2.0000 139.5000
