S0703 1.2000 -10.9000 27824 46667 300 2.2000 286.8000
S1319 2.2000 -10.5000 43912 63813 300 0.7000 110.4000
S0057 2.5000 -9.6000 51410 64800 300 0.7000 122.6000
S1456 0.9000 -8.9000 27026 35327 300 0.7000 66.4000
S0931 3.8000 -9.5000 21671 34627 300 1.7000 81.6000
S0946 0.5000 -11.1000 42461 50460 300 1.0000 353.3000
S0453 3.0000 -10.7000 25955 46861 300 1.0000 298.0000
S1546 1.8000 -7.1000 29933 46276 300 1.0000 182.4000
S0237 2.0000 -9.5000 31131 41992 300 2.1000 334.3000
S0674 0.1000 -7.5000 56366 64800 300 2.1000 330.1000
S0909 1.6000 -9.6000 38759 59698 300 2.8000 229.0000
