S1600 -9.3000 -17.1000 50350 64800 300 1.3000 106.0000
S1352 -9.2000 -14.8000 27082 47659 300 1.0000 396.5000
S1562 -6.5000 -16.1000 34585 44772 300 1.0000 398.5000
S1697 -8.4000 -16.5000 38649 47403 300 0.9000 122.1000
S1369 -8.9000 -16.8000 50113 64800 300 0.7000 147.0000
S1131 -9.3000 -17.2000 56801 64800 300 2.7000 197.7000
S0009 -9.3000 -15.6000 45292 53800 300 2.7000 160.6000
S0490 -9.8000 -13.6000 29285 43762 300 1.6000 63.2000
S1862 -9.2000 -17.4000 29234 36639 300 2.0000 280.7000
S1760 -7.5000 -14.5000 33622 47928 300 2.0000 123.0000
