S0375 -6.3000 -6.4000 33851 50513 300 0.8000 77.7000
S0251 -4.7000 -6.7000 49844 59881 300 1.0000 168.3000
S1901 -6.9000 -6.6000 37100 48306 300 1.7000 50.5000
S0655 -7.7000 -5.4000 22738 40618 300 0.7000 138.9000
S1911 -6.4000 -6.4000 26163 39712 300 0.7000 120.3000
S0962 -7.5000 -4.4000 22286 37450 300 0.7000 340.7000
S1037 -7.6000 -7.7000 27764 46190 300 2.7000 180.3000
S0721 -8.8000 -8.1000 22098 30010 300 2.7000 98.3000
S1299 -5.5000 -6.3000 47337 58873 300 1.5000 307.4000
S1820 -6.8000 -6.9000 24726 39308 300 1.4000 310.6000
S1115 -3.6000 -5.5000 32169 45266 300 1.9000 100.4000
