S0154 18.7000 -6.2000 46532 62940 300 1.1000 286.0000
S0877 19.3000 -8.3000 36176 45655 300 2.3000 339.6000
S0938 17.5000 -6.8000 34975 43745 300 0.8000 194.9000
S1162 17.6000 -6.6000 50261 64800 300 0.9000 390.5000
S1210 16.0000 -7.6000 29421 46042 300 1.0000 87.2000
S1663 18.7000 -8.1000 32989 45652 300 1.7000 185.2000
S1592 18.1000 -4.9000 54958 63221 300 1.7000 273.7000
S1674 17.8000 -5.4000 32761 48186 300 2.8000 370.0000
S1900 16.9000 -6.6000 39282 56043 300 1.9000 179.8000
S0448 18.8000 -8.5000 24044 37122 300 1.6000 100.3000
