S0492 19.8000 -5.1000 57452 64800 300 0.6000 353.1000
S0091 18.1000 -4.0000 40299 54390 300 0.8000 161.3000
S1394 20.0000 -4.6000 50997 64149 300 2.6000 391.7000
S1190 19.9000 -2.4000 41407 53259 300 0.9000 319.4000
S0808 18.8000 -5.2000 39187 57777 300 1.0000 277.2000
S0155 18.9000 -4.5000 45612 59678 300 2.1000 366.7000
S1773 19.7000 -2.3000 23885 42896 300 2.0000 175.5000
S1314 17.9000 -4.7000 52095 60898 300 2.8000 391.6000
S1313 19.5000 -3.3000 42335 62825 300 1.6000 158.0000
S1906 18.4000 -3.6000 46968 63839 300 1.6000 296.3000
