S0903 -14.9000 8.2000 55907 64800 300 1.5000 305.8000
S1495 -14.6000 8.9000 45286 56698 300 0.7000 113.5000
S1832 -14.1000 9.2000 39722 51928 300 0.6000 143.4000
S0941 -15.2000 5.7000 56042 64800 300 1.4000 305.2000
S1720 -16.6000 7.4000 32318 44239 300 2.4000 145.7000
S1304 -14.9000 9.6000 53528 64800 300 2.3000 301.3000
S1879 -15.6000 6.2000 52793 60282 300 3.0000 73.8000
S1509 -15.0000 7.4000 29379 45309 300 0.9000 362.7000
S0550 -16.0000 5.8000 33691 52487 300 1.6000 343.2000
S1657 -15.5000 6.1000 30895 41645 300 1.6000 247.9000
