S1117 -13.0000 7.1000 33393 46384 300 0.5000 158.3000
S1396 -13.4000 5.4000 25776 38937 300 0.6000 128.5000
S1048 -12.4000 7.0000 40247 50677 300 0.6000 243.0000
S1113 -13.5000 7.2000 51491 63634 300 2.4000 166.2000
S0912 -14.0000 7.0000 34773 55848 300 1.4000 203.3000
S0446 -12.4000 7.6000 36091 46607 300 2.3000 203.0000
S1809 -14.2000 9.3000 26247 38627 300 2.9000 61.9000
S0518 -12.6000 7.3000 45775 59311 300 0.8000 72.6000
S0164 -14.3000 6.3000 38101 58511 300 0.9000 61.2000
S0136 -13.0000 7.9000 50994 62327 300 0.7000 205.2000
S0822 -14.1000 6.7000 39353 58383 300 2.8000 135.1000
