S1157 0.8000 -2.8000 28467 38621 300 0.5000 217.9000
S1482 -0.5000 -5.5000 24296 37788 300 2.3000 124.7000
S0384 -0.3000 -3.4000 29796 45424 300 1.0000 61.6000
S1443 0.2000 -3.2000 42510 50504 300 1.0000 337.0000
S1830 1.3000 -5.6000 45429 61419 300 2.1000 386.6000
S1415 1.0000 -5.3000 40831 55748 300 0.7000 112.2000
S0276 -0.7000 -4.0000 50193 64800 300 1.7000 103.3000
S1780 -0.1000 -5.1000 47739 58157 300 1.6000 177.5000
S0460 1.0000 -5.7000 45067 59106 300 1.5000 195.1000
S1031 0.5000 -5.5000 48967 61584 300 1.5000 53.9000
S1522 -0.1000 -4.8000 33715 52126 300 2.0000 192.7000
