S1259 -4.2000 5.5000 41960 51843 300 1.2000 277.0000
S0716 -1.3000 1.7000 54194 64800 300 1.2000 216.0000
S0025 -4.1000 4.5000 46094 59094 300 0.8000 357.6000
S0038 -3.2000 4.2000 46409 59248 300 1.0000 167.9000
S1857 -4.8000 7.6000 41921 56556 300 1.7000 283.0000
S1261 -2.3000 3.6000 33511 47362 300 1.3000 374.3000
S1574 -3.8000 4.2000 28991 43094 300 1.4000 178.9000
S0767 -2.0000 3.5000 34790 54019 300 2.4000 320.8000
S1897 -4.4000 4.3000 54566 64800 300 2.4000 57.9000
S1058 -2.3000 5.3000 23403 38679 300 2.3000 285.8000
