S0818 16.0000 19.3000 33128 46897 300 1.3000 382.9000
S1338 16.5000 18.3000 51588 64800 300 2.1000 183.1000
S1081 15.9000 18.8000 35764 52492 300 1.3000 106.9000
S1251 16.7000 17.6000 45917 53277 300 0.7000 378.6000
S0188 16.5000 17.3000 41906 57038 300 1.4000 337.8000
S0564 15.5000 19.5000 30695 40999 300 2.0000 146.2000
S1001 14.9000 19.5000 46862 64800 300 2.0000 117.9000
S0062 14.4000 19.2000 53767 61579 300 2.6000 216.4000
S1930 15.0000 17.6000 40856 52474 300 1.8000 301.0000
S1186 0.4000 0.8000 24964 35326 300 1.9000 233.3000
