S1249 3.1000 8.3000 36900 58331 300 2.2000 154.0000
S1673 4.4000 8.5000 41332 54568 300 1.5000 157.9000
S0406 3.5000 7.1000 39446 55668 300 1.3000 365.5000
S1231 5.2000 8.0000 32132 45909 300 1.2000 79.6000
S1202 3.8000 5.8000 41708 49828 300 2.5000 324.1000
S1628 3.6000 7.0000 23284 41509 300 0.9000 369.0000
S0689 3.3000 8.1000 40329 57783 300 0.9000 94.9000
S1148 4.6000 8.7000 52211 64800 300 2.1000 332.4000
S1696 3.7000 6.8000 54344 64800 300 1.8000 334.7000
S1635 3.6000 8.7000 38727 57945 300 1.6000 174.8000
