S1649 13.1000 -1.3000 30180 51544 300 3.0000 277.1000
S0476 15.0000 0.8000 47888 59975 300 2.8000 201.9000
S1851 12.7000 0.4000 53238 62187 300 2.6000 283.6000
S1164 11.2000 -1.1000 55181 64800 300 0.5000 58.0000
S1850 14.0000 -1.2000 46003 59991 300 0.6000 171.7000
S0981 13.8000 -0.1000 54351 64800 300 1.2000 216.2000
S1521 12.6000 0.6000 25791 36805 300 0.9000 308.9000
S0426 12.4000 0.6000 23912 33334 300 0.8000 84.2000
S0727 13.6000 -2.0000 43845 62060 300 1.3000 287.2000
S0323 13.3000 -1.1000 22154 41868 300 1.5000 90.2000
