S1504 11.7000 11.4000 26482 41054 300 1.5000 357.7000
S1227 6.7000 9.6000 42516 61195 300 1.5000 165.8000
S1348 9.9000 10.1000 31452 40093 300 0.5000 387.0000
S1483 11.5000 10.2000 38031 59595 300 0.7000 74.3000
S0806 10.4000 11.6000 38448 55963 300 2.5000 75.1000
S1432 9.9000 12.4000 54283 64800 300 2.3000 228.3000
S0844 10.0000 12.6000 43768 56480 300 0.8000 168.1000
S1144 11.8000 10.7000 56457 64800 300 0.8000 202.0000
S1294 11.0000 11.4000 30003 40093 300 1.7000 260.1000
S0665 10.7000 11.9000 26257 35151 300 2.1000 254.7000
S1567 11.1000 10.2000 36862 54052 300 1.6000 381.7000
