S0190 -11.1000 19.5000 35137 44401 300 1.8000 177.4000
S0581 -9.9000 19.6000 43658 55432 300 1.4000 201.2000
S1372 -12.4000 18.1000 23689 43849 300 0.8000 386.7000
S0805 -8.8000 19.8000 33854 43544 300 1.7000 296.4000
S0215 -11.2000 18.5000 44172 51486 300 1.0000 118.9000
S0366 -11.8000 17.8000 38259 51451 300 0.8000 395.4000
S0733 -10.9000 18.3000 37282 52646 300 0.9000 167.2000
S0196 -11.7000 17.7000 26538 42998 300 2.9000 50.6000
S1489 -10.9000 17.9000 26188 40232 300 0.9000 163.3000
S1508 3.0000 -2.1000 22307 37968 300 2.6000 67.1000
S1768 -2.9000 0.3000 53171 64800 300 2.5000 221.9000
