S0955 -6.0000 -18.4000 26793 44734 300 1.3000 347.1000
S1267 -5.4000 -18.9000 51303 63937 300 2.3000 51.9000
S1585 -7.2000 -17.3000 31268 43616 300 2.9000 384.3000
S0729 -6.7000 -18.2000 35454 53266 300 1.0000 206.2000
S0867 -7.1000 -17.8000 45334 56446 300 0.8000 395.1000
S1652 -7.2000 -17.2000 44576 64800 300 0.7000 201.7000
S1601 -5.6000 -17.8000 44374 59566 300 1.7000 269.9000
S0831 -7.1000 -19.1000 53776 61353 300 1.6000 224.5000
S0530 -4.7000 -19.1000 48749 56030 300 1.6000 149.5000
S1479 -5.9000 -18.0000 41131 51671 300 2.0000 136.1000
