S1217 -5.6000 -6.8000 47389 59939 300 1.5000 79.2000
S1794 -4.5000 -8.3000 37464 56196 300 1.5000 312.4000
S1902 -6.2000 -8.4000 32391 51567 300 0.5000 114.4000
S1039 -5.6000 -6.4000 47739 64800 300 0.6000 80.7000
S0374 -5.9000 -8.0000 37508 50213 300 1.3000 92.2000
S0432 -5.7000 -7.9000 47482 64800 300 2.5000 191.7000
S0756 -5.0000 -6.9000 52091 63601 300 2.4000 345.2000
S0549 -4.5000 -7.8000 56979 64800 300 0.8000 332.6000
S0173 -3.4000 -7.1000 52939 64800 300 2.1000 338.5000
S0078 -5.7000 -6.5000 34349 42699 300 2.8000 163.1000
