S0626 -8.4000 -10.5000 48205 59662 300 0.5000 109.5000
S0667 -8.8000 -10.8000 53166 60563 300 0.6000 368.7000
S1842 -7.1000 -9.8000 26822 39253 300 2.3000 283.0000
S0415 -7.4000 -10.1000 35861 44131 300 1.5000 125.5000
S0728 -9.0000 -7.9000 55324 64800 300 1.6000 189.4000
S1133 -8.4000 -9.9000 25891 34286 300 1.3000 193.7000
S0644 -7.8000 -9.7000 27628 34941 300 1.4000 217.6000
S1378 -8.0000 -10.0000 46093 58150 300 1.8000 343.1000
S1343 -7.9000 -9.6000 26819 47546 300 2.1000 70.4000
S1028 -8.0000 -9.5000 49135 64800 300 2.0000 63.6000
