S0612 6.5000 -6.5000 44825 63181 300 2.2000 184.3000
S0987 4.5000 -4.9000 38182 52656 300 0.5000 273.0000
S1347 4.3000 -3.3000 22701 30670 300 0.7000 265.6000
S0044 4.6000 -6.7000 40434 53799 300 2.3000 83.7000
S0316 2.5000 -4.3000 31852 46203 300 0.8000 218.4000
S1803 4.1000 -5.2000 54734 63325 300 2.9000 389.4000
S0439 5.0000 -3.9000 35850 46177 300 1.0000 210.9000
S0479 4.7000 -6.0000 48302 64182 300 2.0000 257.2000
S0834 4.8000 -5.2000 30137 47684 300 2.0000 332.3000
S1146 3.7000 -3.8000 35650 43170 300 1.6000 97.4000
