S0304 0.2000 18.8000 31024 43185 300 0.5000 304.2000
S0624 -0.6000 19.4000 23057 33956 300 1.2000 200.9000
S1079 -0.8000 19.3000 53795 64800 300 1.3000 218.4000
S1644 -1.2000 19.9000 49462 59895 300 2.3000 172.1000
S1285 -1.1000 18.5000 52877 64800 300 1.0000 238.9000
S0507 -0.3000 19.7000 47613 59126 300 2.6000 368.6000
S1402 1.1000 19.7000 38576 54155 300 0.7000 100.6000
S0340 1.2000 19.4000 33107 53351 300 0.7000 366.0000
S0898 -0.9000 18.6000 33588 53740 300 1.5000 281.6000
S0117 0.0000 17.9000 49737 62539 300 2.0000 386.4000
S0905 -2.5000 19.6000 52923 64800 300 2.0000 358.1000
