S1718 10.0000 4.9000 23100 38999 300 0.7000 378.4000
S1889 10.0000 5.8000 34422 52830 300 0.6000 181.4000
S1621 9.0000 6.4000 25277 36962 300 0.6000 204.8000
S1073 9.7000 4.7000 29599 40946 300 1.4000 245.6000
S1152 12.6000 4.0000 41518 60273 300 2.5000 87.4000
S0410 11.0000 5.4000 24435 32083 300 1.8000 290.6000
S1480 8.8000 4.9000 40082 54672 300 2.0000 210.8000
S1135 9.2000 5.7000 50168 60012 300 2.0000 146.1000
S1690 6.7000 4.6000 49717 64800 300 2.8000 369.9000
S0310 7.5000 4.9000 37270 46857 300 1.6000 71.3000
