S1723 5.9000 5.5000 46188 53808 300 1.2000 372.6000
S0997 4.3000 5.8000 29609 42798 300 3.0000 58.9000
S0403 5.0000 5.5000 37903 51519 300 1.0000 311.6000
S0811 2.3000 6.3000 29326 47008 300 0.6000 134.6000
S0795 5.6000 6.0000 27204 41375 300 1.5000 266.3000
S0411 5.7000 4.5000 25049 39889 300 1.5000 320.1000
S1130 4.9000 4.9000 43876 64677 300 1.4000 210.3000
S0769 4.7000 6.1000 33745 51680 300 2.1000 82.0000
S1661 3.8000 5.4000 40830 61224 300 1.9000 66.4000
S0451 5.8000 4.6000 35843 53702 300 1.6000 212.6000
