S0434 17.1000 13.4000 41398 61497 300 1.1000 373.0000
S1833 17.7000 14.2000 40776 56415 300 2.2000 336.4000
S0926 17.0000 14.0000 48599 64800 300 0.8000 77.8000
S0713 17.8000 12.9000 33830 48872 300 0.8000 69.5000
S0657 17.1000 12.3000 40063 51571 300 1.0000 105.1000
S1866 16.4000 13.7000 55631 64800 300 0.6000 249.1000
S0421 17.4000 12.4000 53913 64017 300 2.5000 361.0000
S1051 16.7000 12.5000 29062 45642 300 2.5000 77.0000
S0107 17.3000 12.5000 43217 62102 300 2.7000 269.3000
S0544 17.7000 13.0000 26864 45840 300 1.6000 217.5000
