S0431 -18.3000 -7.6000 45863 59693 300 1.0000 287.6000
S1935 -19.8000 -7.3000 34341 49924 300 1.9000 295.1000
S0077 -18.0000 -10.2000 31269 45911 300 1.9000 90.2000
S0286 -17.7000 -8.3000 27857 36819 300 1.1000 99.1000
S0054 -17.2000 -8.5000 40059 47296 300 2.0000 140.0000
S2001 -19.9000 -8.4000 52496 64800 300 0.5000 362.3000
S2093 -18.8000 -9.9000 52961 64800 300 0.6000 392.7000
S0784 -19.0000 -8.1000 49939 59811 300 0.6000 352.9000
S0038 -17.7000 -8.6000 52808 64800 300 0.6000 177.2000
S0799 -18.5000 -8.7000 26500 39971 300 1.3000 325.1000
S0175 -20.0000 -10.2000 22536 41320 300 2.1000 70.1000
S0430 -20.0000 -7.6000 38772 47012 300 2.4000 145.3000
