S0668 16.1000 6.6000 28517 40447 300 0.9000 173.8000
S0187 15.9000 6.7000 26425 41302 300 0.9000 187.7000
S0264 14.1000 8.2000 56706 64800 300 0.9000 351.4000
S1569 12.8000 5.6000 50023 58178 300 2.5000 66.3000
S1262 16.3000 8.4000 38824 60324 300 1.8000 94.4000
S1372 15.9000 6.8000 39717 55618 300 0.8000 260.5000
S2039 15.0000 7.7000 25323 45778 300 1.6000 310.2000
S1581 15.8000 7.4000 53731 64800 300 1.2000 285.2000
S2008 14.7000 7.2000 32935 44664 300 1.2000 288.2000
S0974 17.3000 8.3000 53881 64800 300 2.1000 340.8000
S0579 15.4000 6.9000 43668 50931 300 2.1000 382.6000
