S0675 -9.7000 -5.4000 45035 56390 300 0.8000 235.5000
S1760 -10.4000 -5.5000 36491 46448 300 1.7000 146.9000
S0822 -9.4000 -5.6000 39418 51172 300 1.5000 270.3000
S0033 -9.8000 -3.3000 55897 64800 300 1.8000 84.0000
S1210 -10.0000 -4.2000 35985 44535 300 1.0000 366.7000
S1984 -9.4000 -5.6000 49886 64800 300 0.6000 323.1000
S1310 -9.9000 -5.9000 31453 47909 300 2.7000 53.5000
S0024 -10.1000 -4.8000 29105 39472 300 2.0000 158.8000
S1115 -11.5000 -6.2000 32390 44534 300 2.6000 331.7000
S0617 -7.9000 -5.8000 33708 54389 300 1.1000 383.5000
