S1483 2.1000 19.8000 42214 62349 300 0.9000 324.4000
S0440 4.3000 19.1000 51861 61862 300 0.9000 303.3000
S0396 1.3000 19.2000 49832 61718 300 1.0000 310.0000
S0527 0.5000 18.2000 29231 39445 300 1.5000 225.5000
S0403 0.5000 19.6000 53568 64800 300 1.2000 312.1000
S0118 1.7000 19.5000 28889 37880 300 1.2000 309.2000
S0663 0.9000 18.6000 29056 46125 300 0.7000 310.9000
S0324 3.4000 19.0000 45532 64800 300 2.2000 66.0000
S1885 2.2000 19.8000 25037 34689 300 2.8000 143.5000
S0546 -0.0000 20.0000 48002 64800 300 1.3000 252.5000
S1476 2.2000 19.4000 53626 64800 300 2.3000 145.8000
