S1703 -17.9000 14.7000 52292 64800 300 0.8000 335.5000
S0350 -18.6000 15.2000 47264 64800 300 0.6000 215.9000
S0836 -18.1000 14.9000 49174 64800 300 0.7000 154.1000
S1242 -17.5000 16.3000 34382 47170 300 2.5000 67.7000
S0426 -18.5000 15.1000 46902 64800 300 1.3000 208.9000
S1374 -18.2000 14.8000 27604 38963 300 1.2000 212.9000
S0931 -17.9000 15.8000 40677 52604 300 2.9000 159.9000
S2072 -17.3000 15.9000 40874 55205 300 2.7000 278.8000
S1784 -17.8000 15.7000 40635 52540 300 1.8000 196.8000
S1782 -17.5000 15.5000 28430 35932 300 1.1000 258.5000
