S0927 10.6000 8.5000 37994 51308 300 1.0000 342.3000
S1613 10.3000 7.4000 26741 34019 300 1.8000 364.0000
S1663 10.0000 6.8000 40710 57607 300 1.7000 96.5000
S0678 8.9000 7.9000 40937 60502 300 1.7000 335.8000
S1595 9.6000 7.9000 31011 47959 300 1.5000 217.2000
S0646 10.0000 5.2000 56932 64800 300 0.8000 133.8000
S1690 11.5000 7.5000 48524 61933 300 1.2000 318.7000
S1787 11.1000 8.5000 54107 64800 300 0.6000 344.9000
S0741 10.4000 4.6000 29644 38915 300 0.6000 131.9000
S0505 11.0000 6.0000 23123 44199 300 1.3000 268.5000
S1636 11.1000 6.6000 21904 36322 300 2.4000 60.3000
S1705 11.4000 3.6000 54768 64800 300 1.4000 108.4000
