S0940 19.5000 -12.6000 41489 52388 300 0.8000 288.9000
S1371 18.7000 -12.4000 24724 41193 300 1.8000 217.6000
S1042 18.5000 -14.1000 31466 42436 300 2.6000 78.7000
S1020 18.8000 -11.1000 29992 47162 300 1.1000 84.0000
S1406 19.7000 -10.7000 33589 44675 300 0.6000 264.9000
S1061 17.6000 -13.4000 29427 46979 300 0.6000 360.2000
S1075 19.0000 -10.5000 30316 48173 300 2.7000 200.0000
S0961 19.9000 -12.2000 53302 63728 300 2.1000 123.1000
S0290 18.6000 -11.5000 39973 52050 300 2.2000 129.3000
S0098 19.0000 -12.6000 26580 48123 300 1.4000 276.6000
