S0804 -16.6000 5.0000 22498 36665 300 0.9000 155.1000
S0656 -15.0000 6.3000 32907 44368 300 0.9000 398.9000
S0074 -17.4000 5.9000 46892 64298 300 1.7000 65.3000
S1964 -15.6000 5.7000 37409 58419 300 1.7000 371.5000
S1824 -15.5000 7.2000 33322 45215 300 0.8000 315.5000
S0673 -17.1000 7.6000 30753 41763 300 0.8000 299.3000
S1798 -16.3000 7.8000 26984 36209 300 1.0000 158.6000
S0785 -13.9000 4.7000 50427 64800 300 1.6000 282.7000
S2019 -16.0000 5.4000 55357 64800 300 2.1000 362.8000
S1650 -12.4000 4.3000 47720 60573 300 0.7000 154.9000
S1970 -14.9000 7.0000 55426 64800 300 2.3000 291.8000
S0710 -15.6000 5.3000 23097 38790 300 1.4000 128.4000
