S1154 0.3000 10.4000 48651 58064 300 0.9000 255.5000
S0449 -1.3000 9.9000 38396 46269 300 0.8000 156.3000
S0553 1.1000 10.4000 49772 64593 300 1.0000 352.9000
S0545 1.3000 9.0000 47496 59347 300 1.1000 351.3000
S0823 1.1000 10.1000 32217 52077 300 1.1000 293.4000
S0914 -0.2000 12.2000 35475 45638 300 2.7000 98.1000
S1765 -0.0000 11.6000 33799 41808 300 2.8000 359.7000
S1645 -1.5000 10.2000 48563 60993 300 2.3000 333.5000
S1785 0.7000 11.6000 32553 41741 300 1.2000 199.7000
S0300 -1.6000 10.6000 48657 64800 300 2.0000 156.2000
