S0588 -17.8000 13.2000 28041 43270 300 2.7000 160.5000
S1753 -18.8000 14.6000 51494 64800 300 1.0000 275.6000
S1002 -18.6000 14.6000 40306 48096 300 0.9000 100.8000
S1795 -19.6000 12.5000 43863 56675 300 2.5000 274.8000
S1700 -19.2000 12.6000 40040 52387 300 0.6000 343.9000
S1811 -17.9000 12.3000 46419 64800 300 1.8000 340.6000
S0309 -19.2000 12.7000 55800 64800 300 1.5000 336.2000
S1572 -19.2000 13.3000 23969 43049 300 1.6000 240.5000
S0810 -19.0000 13.5000 46383 55137 300 0.7000 218.0000
S0150 -18.0000 13.2000 26801 45603 300 1.9000 280.6000
