S1044 -15.4000 12.3000 27770 43374 300 0.6000 302.6000
S1657 -16.1000 12.4000 32806 42376 300 2.2000 77.5000
S1070 -14.9000 12.8000 41555 49062 300 1.3000 55.2000
S1121 -17.0000 10.7000 38681 54058 300 1.2000 172.1000
S0090 -17.4000 12.3000 47981 64800 300 2.7000 199.3000
S0284 -16.6000 11.5000 24369 42714 300 1.8000 266.7000
S2071 -17.1000 11.9000 34513 54771 300 1.7000 377.7000
S0131 -17.4000 10.8000 44924 62035 300 1.1000 125.0000
S0525 -16.1000 11.0000 24931 41724 300 1.0000 395.2000
S0382 -16.5000 10.1000 37342 47433 300 2.0000 309.4000
