S1623 -13.7000 9.2000 38094 45383 300 1.0000 232.8000
S0339 -15.9000 8.7000 55472 64800 300 1.0000 127.9000
S0006 -15.2000 7.6000 28917 36819 300 1.0000 397.1000
S0334 -14.5000 11.1000 34161 54716 300 2.5000 255.0000
S1982 -14.7000 8.0000 38709 51129 300 1.8000 79.1000
S2091 -15.2000 9.9000 46094 58754 300 1.7000 133.2000
S1883 -14.8000 9.6000 45415 62143 300 1.5000 66.8000
S0866 -15.5000 9.9000 31218 46642 300 1.1000 190.2000
S0121 -14.9000 8.9000 57372 64800 300 1.6000 293.5000
S1867 -15.5000 8.9000 34305 42058 300 1.4000 374.4000
S1694 -14.9000 7.8000 48478 62293 300 1.4000 147.3000
