S1118 -0.6000 -7.2000 22779 32099 300 1.8000 156.8000
S0905 -3.0000 -8.0000 34707 53796 300 1.7000 55.7000
S0429 -4.0000 -7.3000 24540 34633 300 1.9000 214.7000
S1841 -5.1000 -9.0000 54945 63650 300 0.7000 63.0000
S1347 -3.5000 -9.6000 41704 54328 300 1.3000 104.9000
S0629 -2.6000 -8.1000 45505 59573 300 1.3000 113.0000
S1898 -4.4000 -9.0000 43772 64800 300 2.1000 75.8000
S1106 -3.4000 -9.6000 33478 44565 300 2.4000 213.5000
S0568 -4.1000 -8.9000 47908 56275 300 1.4000 344.2000
S1849 -3.5000 -8.9000 44645 57630 300 1.4000 110.6000
