S1470 14.5000 -9.3000 34629 47956 300 0.9000 268.7000
S0921 14.8000 -12.3000 39152 51678 300 2.7000 316.5000
S1400 13.6000 -10.2000 42059 50542 300 1.7000 389.3000
S0614 13.7000 -10.2000 31499 48277 300 1.5000 356.2000
S0729 13.3000 -8.8000 44776 53564 300 0.8000 132.7000
S1631 12.5000 -8.4000 53015 64800 300 1.2000 161.7000
S1791 12.9000 -9.0000 29077 45284 300 0.6000 96.9000
S0184 13.2000 -9.5000 55645 64800 300 2.8000 152.0000
S0616 12.0000 -7.9000 46225 54150 300 2.4000 138.0000
S0696 13.9000 -7.3000 42549 60539 300 1.4000 138.4000
