S1302 10.2000 19.3000 40440 52241 300 1.0000 95.8000
S0071 10.5000 18.6000 47609 58833 300 1.0000 306.7000
S1419 11.2000 19.4000 43516 54664 300 1.7000 229.0000
S1924 8.5000 19.9000 51869 64800 300 1.5000 136.2000
S1260 10.0000 19.6000 41441 61105 300 0.8000 274.3000
S1801 9.7000 18.7000 26403 46999 300 1.1000 225.1000
S0055 11.2000 18.9000 53913 64800 300 1.6000 61.8000
S1683 10.5000 19.9000 55506 64800 300 0.5000 175.3000
S1477 10.6000 19.3000 46453 62410 300 0.7000 138.8000
S2003 9.3000 19.4000 52935 61191 300 0.7000 374.9000
S0878 12.3000 17.2000 24755 43607 300 2.4000 164.4000
S0911 11.4000 19.0000 38205 56262 300 3.0000 280.3000
