S0970 1.1000 7.5000 56977 64800 300 0.9000 328.1000
S0655 2.5000 10.1000 50263 62495 300 1.7000 284.8000
S0112 1.6000 8.8000 48576 64800 300 1.7000 238.7000
S1906 3.8000 8.9000 49263 63765 300 0.8000 89.5000
S1453 4.0000 7.2000 22408 41348 300 1.6000 221.7000
S0522 3.8000 9.4000 25234 45075 300 0.7000 170.8000
S0323 3.0000 9.5000 57533 64800 300 0.7000 78.8000
S1256 2.9000 10.3000 56802 64800 300 2.2000 118.3000
S0336 3.8000 6.9000 33282 54825 300 1.3000 221.8000
S0623 3.4000 8.8000 56197 64800 300 1.4000 296.9000
S0793 2.7000 10.7000 35246 43454 300 2.9000 123.6000
