S1763 9.6000 -19.3000 49138 57495 300 1.5000 55.8000
S0411 13.0000 -19.5000 22149 40144 300 0.5000 111.6000
S1609 10.7000 -19.1000 40140 49407 300 0.5000 277.8000
S1571 9.0000 -18.6000 29744 47102 300 1.4000 75.0000
S1908 10.5000 -19.7000 47445 57746 300 1.8000 356.5000
S1110 10.7000 -17.6000 40206 57012 300 0.8000 50.9000
S1590 11.6000 -19.3000 30753 51801 300 2.6000 117.7000
S0677 11.6000 -19.0000 50231 64800 300 2.5000 275.3000
S0277 10.1000 -19.6000 21610 33316 300 1.9000 322.2000
S0355 11.2000 -19.1000 34280 42659 300 2.0000 337.1000
