S0265 -12.8000 0.7000 52534 63257 300 0.8000 368.7000
S0019 -13.2000 0.2000 26563 47603 300 1.7000 79.9000
S2038 -12.6000 1.7000 29500 43543 300 1.5000 110.8000
S0576 -13.8000 -0.5000 34708 54448 300 1.0000 396.8000
S0600 -12.8000 0.4000 48463 64800 300 1.0000 292.6000
S0704 -12.0000 0.3000 24639 37042 300 1.0000 185.8000
S0948 -13.7000 0.6000 53337 64800 300 2.3000 198.6000
S1925 -12.2000 -1.3000 23287 31246 300 2.1000 212.0000
S1999 -12.2000 0.4000 23218 43276 300 3.0000 69.9000
S0340 -12.8000 0.0000 37968 58023 300 1.4000 391.6000
