S0851 -11.5000 -18.1000 54958 64800 300 1.7000 139.5000
S1137 -12.7000 -18.8000 26129 37474 300 0.9000 197.5000
S1454 -12.1000 -17.7000 30482 38002 300 2.0000 104.2000
S0170 -11.5000 -16.0000 55013 64800 300 1.3000 58.1000
S1615 -13.1000 -19.8000 43097 53953 300 1.3000 173.0000
S1494 -11.2000 -17.9000 27350 36733 300 1.2000 272.9000
S1112 -11.9000 -19.7000 54466 64800 300 1.1000 135.3000
S1788 -13.5000 -17.9000 46135 64102 300 1.1000 306.2000
S0318 -12.0000 -17.9000 44839 55872 300 2.4000 266.6000
S1178 -10.4000 -16.3000 34339 48600 300 2.8000 112.5000
