S0095 -12.4000 16.9000 42283 62048 300 0.8000 305.5000
S0887 -13.9000 18.7000 30987 45267 300 1.8000 159.8000
S0136 -12.9000 19.1000 46508 64800 300 1.5000 276.2000
S1099 -9.4000 18.1000 57518 64800 300 1.5000 209.9000
S0199 -13.8000 18.8000 49201 57869 300 2.7000 51.8000
S0945 -11.7000 17.6000 50203 64800 300 0.7000 135.6000
S0091 -11.6000 19.0000 34945 46635 300 0.7000 64.3000
S1261 -13.6000 17.8000 21966 30206 300 2.2000 67.1000
S2046 -11.9000 19.4000 52345 64800 300 2.0000 73.9000
S0946 -13.7000 16.5000 41292 55321 300 2.0000 123.0000
