S0556 -13.1000 -8.9000 27013 39390 300 1.7000 267.9000
S1488 -12.9000 -8.1000 50330 64800 300 1.6000 55.7000
S1407 -13.9000 -8.2000 43324 62302 300 1.5000 266.0000
S0229 -10.1000 -8.4000 29502 41500 300 1.5000 131.3000
S1894 -12.3000 -8.0000 26361 41361 300 0.6000 281.3000
S0879 -15.2000 -9.2000 42594 56920 300 2.1000 282.4000
S1111 -13.8000 -8.2000 33466 45809 300 0.7000 113.2000
S0548 -16.4000 -6.7000 38227 58537 300 2.3000 218.8000
S1361 -10.8000 -4.5000 27246 40091 300 1.2000 376.7000
S0388 -13.8000 -7.8000 26022 37676 300 1.3000 223.5000
S1031 -12.5000 -10.0000 46667 64800 300 1.4000 195.6000
