S0989 -15.9000 -0.6000 38670 58333 300 0.8000 273.7000
S0119 -16.7000 -0.3000 45429 58208 300 1.7000 319.5000
S1712 -15.2000 -1.1000 22855 34791 300 0.9000 323.4000
S0814 -15.0000 -1.5000 33300 54795 300 0.9000 185.5000
S0720 -16.5000 0.0000 49123 64800 300 1.6000 110.8000
S0104 -16.5000 1.2000 35854 54611 300 2.5000 320.1000
S0025 -15.8000 -1.3000 29790 45258 300 1.8000 212.1000
S1359 -15.1000 -0.5000 52333 64800 300 1.0000 199.5000
S1546 -16.2000 -0.0000 49716 64800 300 0.5000 197.1000
S1348 -15.7000 -1.5000 46223 54787 300 0.6000 249.5000
S1644 -16.4000 -0.5000 24926 43270 300 1.1000 115.7000
S0296 -15.7000 -1.8000 47919 64800 300 2.4000 70.5000
