S0313 -7.2000 -6.2000 41047 56914 300 2.5000 374.5000
S1035 -7.5000 -8.9000 38303 55939 300 2.5000 330.4000
S0210 -4.4000 -7.0000 48263 64800 300 1.8000 190.8000
S1933 -5.1000 -6.5000 34417 42438 300 0.8000 121.2000
S1209 -5.6000 -6.5000 55852 64800 300 1.9000 132.8000
S1235 -6.2000 -5.8000 52650 64800 300 0.7000 209.4000
S1067 -1.3000 -2.4000 55934 64800 300 0.7000 82.4000
S0708 -2.7000 -5.0000 46868 54297 300 0.6000 115.2000
S0204 -3.8000 -6.8000 46133 54150 300 2.1000 204.2000
S1532 -6.2000 -7.0000 52885 64800 300 2.4000 397.2000
