S0347 -7.5000 13.6000 41198 51806 300 2.5000 367.5000
S0105 -7.9000 12.6000 36524 46871 300 2.5000 354.3000
S1195 -7.4000 14.8000 24133 36607 300 0.8000 316.6000
S0230 -8.3000 12.4000 44980 62357 300 1.6000 393.9000
S0342 -8.0000 14.3000 54965 64800 300 1.2000 114.5000
S1038 -7.8000 14.4000 47969 64747 300 0.5000 108.0000
S1781 -6.3000 14.5000 48194 60257 300 0.6000 96.1000
S1114 -8.0000 14.3000 54328 64800 300 1.3000 379.2000
S0114 -7.0000 11.5000 53635 64800 300 2.1000 186.7000
S0203 -7.3000 14.5000 22806 34083 300 2.9000 358.1000
