S1072 -16.4000 -11.4000 26289 42599 300 1.8000 316.7000
S0137 -15.3000 -11.3000 21965 40261 300 0.6000 117.1000
S1539 -17.3000 -10.8000 32266 41187 300 2.7000 129.7000
S0900 -17.2000 -12.2000 35587 46096 300 2.2000 224.6000
S2076 -18.2000 -12.0000 56137 63987 300 2.1000 55.3000
S0618 -16.8000 -11.1000 47536 59089 300 1.2000 199.4000
S1843 -17.2000 -11.8000 53346 64800 300 1.9000 121.2000
S0920 -16.4000 -10.9000 37679 48117 300 1.1000 336.7000
S1862 -18.5000 -12.3000 53479 62267 300 1.1000 364.7000
S0250 -16.9000 -10.2000 51645 64800 300 1.1000 389.6000
