S1353 1.9000 -10.7000 35217 53222 300 0.9000 313.6000
S0016 -0.2000 -9.6000 42494 53682 300 2.7000 85.7000
S1731 -0.5000 -10.8000 25589 40949 300 1.7000 248.9000
S1237 -0.7000 -9.3000 24336 31724 300 1.7000 350.5000
S1729 0.6000 -9.8000 36615 54308 300 0.8000 284.1000
S0583 1.2000 -11.2000 42085 59209 300 1.9000 92.7000
S1796 1.9000 -10.0000 23707 42189 300 1.6000 379.0000
S1385 0.5000 -9.6000 43864 62555 300 1.2000 364.9000
S1891 -3.6000 -9.4000 41758 49137 300 0.5000 261.9000
S0604 2.4000 -9.7000 35629 44152 300 0.7000 61.0000
S0490 -1.1000 -11.2000 39283 52868 300 2.3000 148.3000
