S1319 15.5000 13.7000 40072 59249 300 0.9000 178.0000
S0654 15.8000 11.8000 36871 52289 300 1.7000 105.4000
S1991 15.9000 14.1000 43681 53553 300 1.0000 119.3000
S1634 17.4000 13.5000 41335 51961 300 2.6000 239.9000
S0999 16.7000 13.0000 40420 48219 300 1.1000 189.9000
S0092 15.4000 11.9000 48186 64800 300 0.6000 276.6000
S1211 16.4000 14.2000 33611 45545 300 2.1000 103.4000
S1876 15.7000 13.5000 54863 64800 300 2.3000 198.2000
S1519 15.7000 12.1000 23942 43098 300 2.3000 382.4000
S1430 17.1000 11.8000 42855 62521 300 1.3000 317.8000
