S0078 2.8000 -6.5000 32072 41378 300 1.0000 145.0000
S1469 1.3000 -7.9000 48168 57795 300 1.7000 254.4000
S0735 2.8000 -8.4000 43664 52662 300 1.5000 121.9000
S1464 1.0000 -8.1000 44806 61402 300 1.2000 382.1000
S1300 2.0000 -8.4000 25105 45335 300 2.0000 167.7000
S0041 1.7000 -6.9000 48369 59211 300 0.7000 221.1000
S2049 0.6000 -6.0000 53655 64800 300 0.7000 158.5000
S0379 0.8000 -9.0000 23113 34297 300 2.2000 133.4000
S0694 0.6000 -8.6000 39909 49843 300 2.1000 267.4000
S1459 2.7000 -7.8000 48006 62171 300 2.9000 342.1000
