S0417 -2.1000 17.3000 27713 45471 300 1.2000 126.6000
S0494 -1.3000 17.3000 57424 64800 300 1.2000 52.1000
S1971 -2.3000 17.1000 31963 46870 300 2.4000 159.8000
S0036 -2.0000 16.2000 24971 35096 300 2.1000 378.7000
S2084 -1.9000 16.0000 39848 55641 300 1.3000 172.4000
S0742 -2.8000 15.8000 47191 61902 300 1.9000 331.3000
S1714 -1.3000 15.8000 37785 53272 300 1.6000 232.8000
S0846 -2.9000 15.3000 33370 54399 300 0.8000 238.1000
S0864 -3.2000 15.0000 22603 39804 300 0.8000 123.5000
S1542 -3.2000 14.8000 53074 64800 300 1.9000 397.4000
S1820 -1.3000 0.3000 39117 51317 300 2.9000 70.6000
