S0037 19.3000 10.7000 54096 64800 300 1.6000 105.4000
S1980 19.7000 11.9000 24770 38246 300 1.7000 176.7000
S0390 18.9000 11.3000 43954 64800 300 0.5000 170.2000
S1594 18.8000 11.9000 52414 64800 300 2.6000 337.8000
S0709 19.8000 9.4000 34672 44579 300 1.3000 252.8000
S0717 19.3000 10.6000 42750 63445 300 1.2000 175.9000
S1954 18.2000 10.7000 27633 38885 300 1.2000 361.3000
S1817 18.9000 10.6000 55796 64718 300 1.8000 392.6000
S1434 19.3000 11.2000 39700 53579 300 2.7000 199.6000
S0691 19.1000 12.5000 34068 51259 300 1.1000 106.2000
