S0470 6.6000 -12.7000 34292 43850 300 0.9000 325.9000
S0857 4.5000 -9.8000 56241 64800 300 0.9000 219.8000
S1442 6.9000 -12.6000 51783 60985 300 1.7000 230.0000
S0051 4.8000 -8.2000 36371 46040 300 1.7000 100.9000
S0320 4.5000 -11.3000 45668 63424 300 0.8000 77.3000
S0247 6.8000 -13.1000 53676 61843 300 1.6000 369.8000
S1901 5.3000 -9.8000 40848 56484 300 1.9000 319.0000
S1466 5.0000 -8.7000 35042 44535 300 2.1000 140.3000
S0052 5.7000 -8.6000 25913 44881 300 2.3000 357.0000
S1932 6.7000 -12.4000 50665 64800 300 2.0000 97.6000
