S0416 13.7000 9.3000 44804 63333 300 0.8000 392.2000
S1204 11.4000 10.3000 56893 64800 300 0.8000 295.0000
S1708 13.2000 10.8000 52993 64800 300 1.5000 134.2000
S0778 12.0000 10.0000 37807 55447 300 1.5000 376.8000
S0085 11.8000 12.1000 23143 36903 300 2.6000 353.2000
S1685 13.8000 9.5000 43554 64547 300 0.6000 158.3000
S1890 12.7000 9.5000 53598 64800 300 2.7000 307.2000
S0259 12.9000 10.1000 23139 34961 300 1.2000 381.9000
S1736 13.2000 8.6000 23175 41105 300 1.2000 290.3000
S0711 12.8000 10.0000 47844 64800 300 3.0000 107.8000
