S0748 11.7000 3.2000 24981 35378 300 0.9000 268.1000
S1638 12.1000 2.2000 39872 51141 300 1.8000 349.2000
S0603 12.8000 2.1000 53795 64800 300 1.9000 88.3000
S1226 11.4000 1.4000 37563 50698 300 1.9000 204.7000
S0407 12.2000 2.8000 47952 58238 300 1.6000 315.7000
S0115 11.5000 1.0000 48063 63173 300 0.6000 391.6000
S1511 10.4000 2.2000 22522 33920 300 2.1000 165.2000
S0030 11.3000 0.2000 32314 53182 300 2.4000 237.3000
S0497 11.7000 3.2000 45847 62548 300 1.4000 390.5000
S0268 11.0000 2.9000 42728 64025 300 1.4000 357.0000
