S0116 -17.6000 14.6000 23399 33661 300 0.8000 116.3000
S0185 -17.5000 14.5000 50995 64800 300 1.1000 377.2000
S0515 -16.3000 15.5000 26696 46498 300 2.0000 322.1000
S1821 -16.3000 15.3000 29518 36905 300 1.5000 221.2000
S0680 -16.3000 15.1000 23464 39533 300 2.1000 73.8000
S1604 -16.3000 14.9000 48551 63760 300 2.8000 125.3000
S0020 -16.8000 14.3000 43758 59691 300 1.6000 242.8000
S0819 -15.8000 15.3000 32330 49040 300 1.5000 81.3000
S0867 -17.4000 13.4000 23664 39144 300 0.8000 167.0000
S0608 -15.8000 14.0000 26626 42670 300 0.9000 62.4000
S0282 0.1000 -2.1000 31127 43513 300 2.4000 290.3000
