S2007 -4.7000 -10.7000 26355 44790 300 0.8000 217.3000
S0534 -4.4000 -8.9000 28364 37303 300 1.7000 78.4000
S0333 -5.0000 -11.0000 38393 49691 300 0.9000 368.3000
S0132 -4.6000 -10.3000 50579 64800 300 2.7000 165.4000
S0278 -4.6000 -10.5000 27118 39086 300 2.2000 160.6000
S0844 -3.7000 -11.3000 40470 55656 300 2.6000 183.5000
S0539 -5.4000 -10.0000 34847 43809 300 1.3000 182.1000
S1393 -4.5000 -10.0000 36628 51482 300 1.3000 315.6000
S1930 -4.3000 -11.2000 46497 64800 300 1.2000 242.0000
S1375 -5.6000 -9.7000 55382 64800 300 1.1000 331.1000
