S1456 1.4000 11.2000 48492 61863 300 0.9000 333.4000
S0341 2.6000 10.2000 46713 53931 300 1.7000 235.4000
S0464 4.4000 11.7000 34646 54967 300 0.8000 252.1000
S1903 2.9000 12.1000 51047 64800 300 1.5000 149.3000
S1946 2.3000 12.2000 47117 58240 300 1.5000 202.5000
S1732 5.0000 11.9000 42039 60274 300 2.5000 134.7000
S0198 2.8000 11.2000 51609 63530 300 1.9000 64.4000
S1864 2.7000 10.4000 24295 35034 300 1.9000 134.2000
S0395 3.1000 10.9000 43873 62473 300 0.5000 90.5000
S0366 2.6000 11.5000 29864 38104 300 2.7000 159.8000
