S1653 14.5000 -12.0000 31902 45022 300 1.0000 201.9000
S0559 13.8000 -11.8000 23313 44489 300 1.8000 307.3000
S1167 13.3000 -10.6000 32363 46622 300 1.5000 234.1000
S1682 15.0000 -10.7000 32220 48251 300 2.0000 351.6000
S0569 13.0000 -12.0000 39894 54285 300 2.6000 271.6000
S0368 13.3000 -11.7000 37682 53930 300 0.7000 97.2000
S1786 14.0000 -11.5000 52204 64800 300 0.6000 188.9000
S1422 11.7000 -8.7000 53742 64800 300 0.6000 346.6000
S2051 13.1000 -11.9000 37292 56212 300 2.9000 168.9000
S0303 13.8000 -11.3000 34734 51244 300 2.3000 351.0000
