S1276 -7.8000 -2.7000 49435 64800 300 0.9000 360.1000
S1998 -7.5000 -3.4000 47226 58026 300 0.9000 224.2000
S0381 -8.2000 -2.0000 54868 64800 300 0.8000 238.5000
S0026 -6.2000 -3.6000 36010 56670 300 1.1000 70.3000
S0458 -7.0000 -0.0000 46325 58468 300 1.6000 104.5000
S1103 -7.7000 -2.6000 50121 64800 300 0.7000 398.7000
S1793 -8.2000 -2.5000 41157 61802 300 1.3000 86.0000
S0226 -10.5000 -0.9000 52063 64800 300 2.1000 100.6000
S0811 -10.1000 -4.0000 25894 44597 300 2.9000 312.2000
S0223 -9.2000 -5.9000 48335 60129 300 2.3000 88.6000
S0285 -7.0000 -4.9000 21935 40171 300 1.4000 121.2000
