S0992 16.3000 -19.5000 54035 64800 300 1.8000 376.8000
S1860 19.2000 -19.5000 29704 39759 300 1.0000 101.8000
S1626 18.6000 -19.5000 33022 44323 300 2.5000 69.0000
S1119 17.4000 -19.4000 39037 52651 300 2.5000 76.2000
S0733 19.6000 -19.1000 41114 49730 300 0.5000 254.2000
S1314 18.6000 -19.3000 31849 49771 300 0.6000 321.8000
S1346 19.1000 -18.0000 57252 64800 300 2.1000 291.7000
S0637 19.3000 -19.5000 29910 44448 300 0.7000 118.2000
S1329 17.7000 -19.3000 29096 41949 300 2.2000 253.1000
S0943 16.9000 -19.5000 29341 46824 300 2.0000 319.5000
