S0853 14.2000 19.4000 46070 64800 300 2.4000 391.1000
S0002 13.5000 19.4000 46866 57266 300 0.9000 128.8000
S0995 13.5000 19.4000 52319 64608 300 1.6000 231.9000
S1893 12.3000 20.0000 53607 63327 300 0.7000 387.6000
S1711 12.3000 19.3000 40058 58201 300 1.9000 75.1000
S1874 12.2000 19.3000 53026 62791 300 0.9000 209.6000
S0833 11.7000 19.2000 40668 61641 300 2.7000 363.5000
S1265 12.9000 18.0000 28186 48128 300 1.2000 319.4000
S1552 13.3000 17.5000 56752 64800 300 2.2000 383.9000
S2033 12.5000 16.7000 30084 41659 300 0.7000 306.1000
S2029 -1.3000 0.5000 56729 64800 300 2.8000 248.4000
