S2077 5.0000 12.7000 53813 64800 300 0.9000 174.8000
S0402 5.1000 15.3000 46890 64392 300 2.7000 252.2000
S0107 5.9000 15.7000 41783 57286 300 1.5000 361.1000
S0904 6.1000 11.3000 39760 55272 300 1.5000 72.4000
S0888 4.5000 10.4000 47335 59468 300 1.1000 179.7000
S1224 6.0000 14.0000 34814 49002 300 1.6000 233.1000
S0746 6.5000 13.1000 43439 56506 300 1.6000 158.2000
S0189 7.0000 12.8000 22430 43310 300 1.6000 51.6000
S1997 6.3000 12.9000 39958 58916 300 2.1000 318.0000
S2009 6.3000 14.2000 56201 64800 300 1.4000 92.1000
