S0684 -14.7000 -11.0000 23058 33114 300 1.7000 326.2000
S0499 -15.5000 -9.0000 52612 64800 300 0.8000 325.9000
S2005 -15.9000 -10.7000 50763 64800 300 1.8000 216.3000
S1254 -17.3000 -10.0000 33529 51877 300 1.0000 232.2000
S1904 -15.0000 -6.4000 51174 59706 300 1.9000 257.2000
S1545 -15.0000 -7.4000 33139 53995 300 0.6000 223.9000
S2095 -16.7000 -7.5000 25420 36460 300 2.7000 249.6000
S0311 -15.7000 -9.8000 46726 54450 300 2.1000 225.1000
S2010 -16.4000 -8.5000 54911 64800 300 0.7000 152.5000
S1728 -16.1000 -9.2000 45697 64800 300 1.3000 261.9000
S0621 -17.0000 -9.7000 44111 60054 300 1.3000 332.0000
