S1965 -10.4000 19.9000 30654 51825 300 0.8000 174.3000
S0040 -9.0000 19.3000 27284 36973 300 1.7000 153.4000
S1919 -9.2000 19.6000 24087 40223 300 0.9000 81.5000
S0352 -10.2000 19.7000 53888 64800 300 1.0000 341.7000
S1452 -8.6000 18.3000 51721 63020 300 1.0000 231.6000
S0765 -7.8000 19.3000 26193 38514 300 0.5000 223.7000
S1376 -8.4000 19.3000 43894 51625 300 2.3000 91.1000
S1197 -10.3000 18.9000 41289 57093 300 2.0000 141.1000
S0969 -9.4000 19.3000 38896 52003 300 2.6000 171.8000
S1761 -10.6000 19.3000 46478 58295 300 1.9000 318.1000
S1096 -8.1000 18.8000 23080 43981 300 1.1000 274.8000
