S0216 0.4000 14.0000 45086 61892 300 1.7000 182.7000
S0257 -0.7000 14.5000 40765 51529 300 0.9000 254.5000
S0597 1.9000 14.3000 21939 31039 300 1.5000 86.5000
S0686 0.6000 13.9000 37063 55223 300 0.6000 160.0000
S1228 0.4000 15.3000 48520 62764 300 0.7000 100.0000
S1536 0.0000 12.9000 26541 37146 300 0.7000 216.2000
S1953 1.0000 15.0000 57591 64800 300 2.3000 90.9000
S1910 1.1000 12.6000 25972 43196 300 2.0000 241.1000
S2069 0.2000 14.9000 35339 47997 300 3.0000 271.6000
S0222 -0.2000 14.5000 36947 55979 300 2.4000 151.0000
