S1722 -9.4000 7.7000 22524 40488 300 1.0000 174.4000
S0962 -10.3000 7.1000 31958 39461 300 2.5000 313.1000
S0197 -13.1000 7.1000 41684 56824 300 1.8000 356.7000
S0624 -12.2000 8.4000 52204 64800 300 1.7000 77.2000
S0660 -11.4000 7.0000 23079 30612 300 1.5000 335.7000
S0806 -9.9000 5.5000 55125 64800 300 1.2000 183.2000
S1669 -11.5000 9.5000 28815 43053 300 0.7000 158.2000
S1163 -11.6000 7.8000 42241 55752 300 0.7000 394.8000
S0181 -10.1000 7.1000 50194 64800 300 2.2000 143.8000
S0102 -10.5000 7.7000 22545 42670 300 1.3000 209.7000
S1492 -10.2000 7.7000 40644 54232 300 1.4000 279.8000
