S0767 -6.2000 16.9000 39311 48770 300 0.8000 291.5000
S1889 -3.2000 13.0000 22658 33729 300 1.5000 287.2000
S1100 -5.8000 14.7000 46666 64800 300 1.6000 61.9000
S0705 -5.3000 16.3000 42261 57599 300 0.9000 58.9000
S0139 -4.1000 12.8000 38502 53225 300 0.9000 249.1000
S1697 -5.5000 16.4000 57103 64800 300 0.7000 323.4000
S1525 -6.1000 15.4000 31467 39767 300 2.1000 349.9000
S0632 -5.3000 16.7000 47585 64800 300 2.5000 321.3000
S1087 -5.3000 15.4000 29557 38564 300 1.2000 339.2000
S1056 -6.0000 15.5000 24492 36185 300 1.1000 166.2000
S1981 -6.6000 14.7000 45559 63342 300 2.4000 221.9000
