S1202 4.6000 -15.9000 53790 64800 300 1.6000 153.6000
S0858 4.7000 -15.7000 52721 64670 300 1.6000 176.8000
S0899 7.0000 -15.2000 49206 64800 300 1.7000 276.8000
S1117 6.2000 -15.8000 50964 61798 300 0.9000 191.3000
S0224 4.2000 -14.0000 26019 45435 300 0.5000 391.4000
S0689 6.3000 -15.1000 39671 58893 300 2.6000 224.4000
S1651 5.1000 -17.0000 52064 64800 300 1.3000 390.7000
S1135 5.1000 -15.9000 43655 56817 300 1.4000 255.4000
S0451 5.5000 -13.0000 40352 47807 300 1.2000 279.9000
S1463 5.3000 -14.8000 21773 29267 300 2.9000 354.2000
