S0332 12.8000 8.2000 33604 46996 300 0.8000 211.5000
S1648 13.2000 7.6000 42692 52421 300 0.9000 109.6000
S1846 12.7000 8.9000 31145 52512 300 2.5000 366.7000
S0348 11.9000 7.8000 46143 62591 300 1.0000 361.9000
S1321 12.9000 8.7000 38626 59874 300 0.7000 318.9000
S1591 12.9000 8.0000 46817 64800 300 2.7000 395.2000
S1074 12.7000 7.7000 45700 61837 300 2.0000 256.4000
S0973 12.2000 9.7000 26534 44369 300 2.0000 282.4000
S1083 11.9000 9.1000 53010 64800 300 2.0000 68.4000
S0842 12.8000 7.6000 28783 49401 300 1.2000 147.1000
