S0731 -18.2000 -6.8000 32569 53324 300 1.0000 98.3000
S1756 -19.1000 -3.6000 49500 64800 300 2.7000 251.2000
S1713 -18.6000 -4.7000 26487 36726 300 2.7000 254.1000
S0542 -19.3000 -2.9000 28144 41175 300 1.8000 357.0000
S2015 -19.5000 -3.2000 30942 44146 300 0.8000 209.1000
S1153 -19.0000 -3.5000 30017 39426 300 0.7000 289.0000
S0186 -18.9000 -5.4000 46105 62099 300 0.7000 105.5000
S0272 -18.4000 -4.2000 41565 60445 300 2.2000 101.3000
S0064 -18.3000 -6.0000 41979 50239 300 0.6000 81.9000
S1537 -17.4000 -5.8000 37146 52269 300 1.4000 136.1000
S1037 -17.1000 -4.8000 25871 35582 300 1.4000 369.4000
