S1822 0.3000 16.0000 25314 39133 300 0.9000 167.4000
S0713 1.7000 18.3000 46057 64354 300 1.6000 66.4000
S1399 0.7000 17.7000 55682 64800 300 2.5000 312.9000
S0622 2.3000 15.2000 25626 43184 300 1.0000 186.6000
S0640 0.5000 17.0000 39102 53118 300 0.6000 235.1000
S0349 1.8000 18.1000 39330 53562 300 2.2000 222.6000
S1738 1.1000 16.2000 43304 61994 300 2.0000 378.6000
S1383 1.3000 16.0000 34777 46492 300 2.6000 234.4000
S0364 3.9000 15.9000 37697 58888 300 1.3000 234.0000
S0966 0.5000 17.3000 56310 64800 300 1.1000 269.8000
