S2014 3.2000 -9.8000 49317 61078 300 0.8000 186.8000
S1003 4.0000 -9.3000 47313 64800 300 0.9000 186.9000
S1559 4.9000 -8.4000 24096 33012 300 0.9000 307.6000
S0489 4.7000 -7.2000 45769 64800 300 1.6000 79.5000
S1327 3.8000 -8.2000 41130 50882 300 1.0000 395.4000
S1646 5.2000 -7.6000 34671 47021 300 1.0000 156.7000
S0267 5.5000 -9.5000 41034 48843 300 2.7000 89.1000
S0146 4.3000 -8.6000 26737 39073 300 2.7000 354.1000
S0996 3.8000 -8.7000 31639 45086 300 1.3000 217.7000
S1392 3.9000 -8.0000 54506 64800 300 2.9000 334.3000
