S1633 3.0000 -10.3000 45229 59402 300 1.6000 275.1000
S0529 3.3000 -10.5000 33908 50937 300 0.8000 134.2000
S0120 4.2000 -10.8000 53420 64800 300 0.7000 111.6000
S0611 4.0000 -12.3000 55464 64800 300 1.3000 313.5000
S1438 2.9000 -12.1000 50427 60856 300 1.3000 54.3000
S1978 4.7000 -10.3000 48286 57801 300 1.2000 65.4000
S1144 3.5000 -10.9000 31477 42213 300 2.9000 271.9000
S1907 3.8000 -11.3000 35852 45398 300 2.8000 348.3000
S0391 3.2000 -10.1000 34814 44071 300 1.0000 336.7000
S1828 4.8000 -8.5000 30256 40409 300 2.0000 143.3000
