S0304 6.2000 3.4000 37137 51803 300 0.9000 367.0000
S1561 10.6000 2.7000 53862 64800 300 1.7000 283.0000
S1257 6.4000 3.4000 48137 63273 300 1.1000 186.6000
S0902 7.4000 4.4000 40382 51189 300 2.7000 322.6000
S1993 8.9000 4.9000 21947 38950 300 2.1000 261.5000
S1095 7.2000 2.6000 29232 47297 300 2.3000 69.1000
S0538 9.8000 3.4000 47276 64800 300 1.2000 265.5000
S1177 8.4000 1.4000 42153 53873 300 1.2000 72.4000
S1040 9.6000 3.8000 22218 35423 300 1.3000 268.3000
S0769 4.8000 5.2000 51434 64800 300 1.4000 369.0000
