S1277 -1.8000 3.2000 23188 40117 300 0.9000 81.5000
S1240 -2.6000 2.1000 36979 52911 300 1.7000 182.5000
S0164 -3.1000 2.6000 23258 40419 300 1.9000 203.3000
S0404 -0.8000 2.5000 23236 42851 300 0.7000 97.2000
S1918 -1.9000 4.2000 40129 61328 300 0.6000 254.2000
S1665 -3.2000 2.9000 38694 47101 300 1.3000 351.2000
S1986 -0.9000 5.5000 53134 60406 300 2.1000 258.0000
S0401 -2.3000 4.6000 32379 41828 300 2.1000 393.6000
S1748 -1.8000 5.1000 38825 50469 300 2.4000 317.3000
S1082 -1.8000 4.9000 33147 47056 300 2.3000 356.9000
