S0932 4.7000 -19.2000 49277 64747 300 2.7000 155.2000
S1963 1.2000 -18.8000 29449 49609 300 1.8000 316.3000
S0156 1.5000 -18.9000 36047 49159 300 1.5000 126.5000
S1043 0.9000 -18.9000 23576 41137 300 0.8000 364.7000
S0715 2.0000 -18.7000 29047 41674 300 0.8000 81.7000
S0736 1.0000 -18.6000 55654 64800 300 0.8000 279.9000
S1079 2.9000 -18.3000 29950 42370 300 1.1000 197.3000
S0821 3.0000 -19.4000 34914 56264 300 0.7000 179.1000
S0796 2.4000 -18.0000 52976 61732 300 0.7000 264.4000
S0338 2.6000 -17.9000 22515 34708 300 0.7000 361.2000
S1973 4.0000 -18.1000 49735 64126 300 2.1000 156.4000
S2037 2.3000 -19.1000 52417 59643 300 2.3000 92.2000
