S0032 0.3000 -0.7000 21854 31599 300 0.9000 297.1000
S1270 2.5000 -2.9000 40523 56054 300 1.8000 310.6000
S0444 0.7000 -2.1000 47176 62471 300 1.0000 94.9000
S1308 0.4000 0.9000 37903 59437 300 1.6000 84.3000
S1503 1.8000 -2.1000 47821 56637 300 1.5000 120.6000
S1328 2.2000 -2.9000 43457 53568 300 2.5000 82.8000
S0142 0.8000 -4.0000 39274 46630 300 2.1000 306.6000
S1384 3.3000 -2.5000 28082 46556 300 2.1000 323.0000
S1335 -0.0000 -0.9000 27403 37414 300 1.2000 81.1000
S1976 3.0000 0.2000 30414 48115 300 1.2000 369.8000
