S0770 -9.1000 11.7000 55526 64266 300 1.7000 317.7000
S0869 -9.9000 12.0000 27260 47826 300 0.9000 99.6000
S1338 -10.1000 11.5000 36776 48248 300 0.9000 101.6000
S1825 -9.6000 11.6000 36778 45789 300 0.9000 245.1000
S0307 -10.0000 12.1000 37085 56293 300 0.7000 215.6000
S0011 -5.9000 10.4000 27155 39875 300 0.7000 281.3000
S1269 -8.4000 11.3000 28476 37341 300 2.1000 376.7000
S1184 -8.7000 11.3000 29318 39843 300 2.6000 103.1000
S1472 -8.1000 11.5000 37741 54955 300 1.3000 162.2000
S1880 -9.2000 12.8000 43145 51728 300 1.9000 71.9000
S1245 -8.9000 12.7000 27051 45130 300 2.0000 363.2000
