S0712 -0.7000 13.1000 24340 38978 300 0.8000 240.8000
S1611 -2.2000 13.5000 35624 44806 300 0.9000 215.4000
S1196 -1.5000 12.3000 36921 52672 300 0.9000 103.5000
S1658 -1.1000 12.1000 46765 56065 300 1.0000 191.0000
S0258 0.1000 12.5000 52582 64800 300 2.3000 326.0000
S1050 -1.9000 14.0000 46670 64800 300 2.2000 113.0000
S0625 -0.7000 13.9000 21765 40741 300 2.6000 120.9000
S0360 -1.5000 12.2000 35019 54100 300 2.6000 193.4000
S0648 -1.6000 12.6000 55505 64800 300 1.3000 348.6000
S1915 -1.2000 14.2000 45079 53998 300 1.2000 207.4000
