S1441 13.2000 -7.1000 36784 47374 300 0.9000 84.1000
S2083 13.5000 -7.3000 56739 64800 300 1.0000 290.0000
S0471 11.9000 -8.4000 54061 64800 300 1.0000 396.9000
S0124 10.9000 -6.0000 35431 53777 300 1.5000 90.9000
S0565 13.5000 -6.8000 53305 64800 300 1.5000 238.8000
S0428 12.2000 -7.0000 40826 61726 300 0.8000 152.9000
S1647 11.3000 -4.9000 48585 59732 300 0.7000 73.4000
S1752 9.5000 -6.0000 28174 40901 300 0.6000 318.1000
S2035 11.9000 -7.9000 49581 64800 300 2.8000 51.8000
S1696 12.9000 -5.2000 57189 64800 300 2.8000 128.0000
S1749 12.2000 -5.5000 26756 35476 300 2.4000 278.4000
