S1628 -11.3000 18.2000 44306 60954 300 1.8000 330.0000
S0039 -10.9000 16.4000 34908 56195 300 1.7000 119.4000
S1286 -5.8000 16.2000 30660 40861 300 1.7000 394.0000
S1989 -8.2000 18.3000 40000 57076 300 1.5000 240.8000
S0004 -10.4000 18.1000 24941 44847 300 0.8000 312.5000
S0930 -10.7000 16.6000 24637 43724 300 0.8000 180.6000
S1009 -9.8000 17.4000 41403 59713 300 1.6000 223.1000
S1155 -9.4000 18.0000 37934 53460 300 2.0000 96.6000
S0214 -11.3000 16.2000 44407 60797 300 2.2000 204.2000
S0803 -11.5000 17.5000 57375 64800 300 0.6000 184.6000
S0212 -10.8000 16.7000 34306 44710 300 1.3000 309.3000
