S1108 13.8000 9.9000 26027 41654 300 1.0000 142.3000
S1295 14.1000 11.3000 56429 64800 300 1.6000 196.0000
S1850 15.4000 10.5000 56764 64800 300 1.5000 156.3000
S0780 13.3000 12.3000 22678 34133 300 1.5000 154.2000
S1674 14.0000 12.0000 27873 45766 300 2.6000 265.8000
S0059 15.1000 10.3000 55472 64800 300 1.1000 97.7000
S2086 15.9000 11.0000 51009 64800 300 0.5000 80.3000
S0772 15.0000 11.7000 24209 39141 300 2.7000 314.0000
S1241 14.3000 10.0000 31703 47180 300 2.0000 299.0000
S0965 12.9000 11.4000 45065 57183 300 1.4000 59.4000
