S1125 -20.0000 0.2000 42483 50662 300 0.9000 293.7000
S1656 -18.0000 0.2000 50633 60486 300 1.0000 197.5000
S0982 -19.5000 1.2000 53029 64800 300 2.5000 222.9000
S1686 -19.9000 0.0000 54633 64800 300 1.8000 397.4000
S1577 -19.3000 1.1000 22020 42397 300 1.2000 102.5000
S1236 -19.0000 0.2000 54567 64800 300 0.5000 83.9000
S2026 -19.8000 -1.8000 42639 54422 300 0.7000 234.1000
S1423 -19.8000 0.9000 43745 55973 300 2.2000 100.9000
S1498 -19.7000 0.7000 28833 49201 300 2.9000 172.1000
S2047 -19.3000 -1.0000 21675 38741 300 2.3000 261.4000
