S0566 -3.6000 4.4000 43507 58494 300 0.9000 272.9000
S1085 -3.9000 3.1000 26802 35168 300 1.7000 354.1000
S1691 -5.3000 3.9000 51578 64800 300 0.8000 287.3000
S1424 -2.9000 3.1000 37948 48618 300 0.8000 245.7000
S1509 -4.5000 4.3000 36924 55364 300 1.1000 133.8000
S0847 -3.4000 5.4000 53741 62046 300 0.5000 330.2000
S1157 -3.3000 5.2000 56344 64800 300 2.7000 71.4000
S1810 -3.9000 4.4000 55360 64800 300 2.7000 147.2000
S1838 -4.0000 4.8000 38722 57241 300 2.4000 212.7000
S2064 -2.9000 5.3000 27638 38508 300 2.3000 235.3000
