S1524 -3.0000 7.9000 48305 61439 300 0.9000 272.0000
S1667 -3.0000 9.0000 52248 64800 300 1.6000 194.8000
S0664 -0.8000 9.0000 48536 60831 300 2.5000 253.6000
S0225 -0.8000 8.4000 35037 49803 300 1.8000 52.5000
S0005 -3.9000 7.8000 39992 52175 300 1.0000 329.0000
S0976 -2.3000 8.5000 26104 39430 300 0.6000 321.9000
S0237 -2.6000 7.6000 41978 60692 300 0.6000 234.7000
S0248 -2.2000 9.5000 36806 51592 300 1.3000 244.0000
S1426 -5.0000 6.4000 54780 64800 300 1.3000 195.4000
S0143 -1.6000 8.0000 37603 49440 300 1.4000 201.6000
S1526 0.5000 4.8000 42505 61874 300 1.4000 264.7000
S0697 -3.7000 9.4000 52560 64051 300 1.4000 299.9000
