S0086 -19.6000 8.9000 44796 53057 300 0.9000 239.3000
S1431 -18.0000 9.8000 51393 64800 300 2.5000 208.2000
S0485 -18.7000 8.5000 39777 57207 300 1.8000 324.9000
S1039 -18.8000 9.3000 27707 37092 300 1.1000 72.6000
S0523 -17.7000 9.6000 52137 64800 300 0.5000 236.6000
S1895 -17.6000 9.0000 41063 55409 300 0.5000 286.5000
S1350 -18.9000 8.2000 51199 64800 300 2.2000 334.8000
S1750 -16.8000 9.3000 37179 52347 300 2.2000 311.0000
S2056 -18.2000 10.0000 50701 60281 300 1.3000 275.9000
S0584 -19.0000 9.3000 42311 59862 300 3.0000 165.7000
