S0952 4.0000 -15.1000 26622 41312 300 1.7000 368.7000
S0369 6.3000 -12.8000 52635 61247 300 0.9000 127.6000
S1151 3.3000 -14.6000 38299 48966 300 0.6000 351.1000
S0532 3.7000 -14.4000 26628 43853 300 0.7000 346.0000
S1127 3.3000 -15.1000 22990 32522 300 2.7000 154.2000
S0516 1.8000 -16.3000 55186 64800 300 2.7000 85.5000
S0371 1.5000 -15.0000 28059 37518 300 2.1000 51.4000
S1704 3.1000 -15.4000 23543 33188 300 1.4000 388.4000
S0066 3.5000 -16.3000 40294 55877 300 1.9000 336.4000
S1024 3.7000 -15.6000 22328 40642 300 1.1000 142.8000
