S0195 -7.9000 -19.8000 22477 36075 300 0.6000 292.7000
S0801 -10.3000 -18.2000 40524 48271 300 1.6000 101.3000
S1892 -8.6000 -19.0000 28898 39375 300 1.3000 137.9000
S1065 -7.1000 -19.4000 38472 59479 300 0.7000 74.2000
S0057 -7.1000 -19.3000 25633 44616 300 0.9000 216.7000
S1290 -9.4000 -17.9000 28319 46094 300 2.7000 359.7000
S0088 -8.1000 -18.0000 29117 46917 300 1.0000 65.7000
S1548 -8.4000 -19.0000 24678 36901 300 2.8000 57.1000
S1931 -9.3000 -18.0000 31946 42008 300 2.9000 389.9000
S0855 -2.5000 2.5000 21675 39614 300 2.9000 131.2000
