S0491 -7.7000 -0.9000 23085 31666 300 0.9000 385.7000
S0581 -9.8000 -3.1000 29374 36846 300 2.7000 172.8000
S1394 -8.1000 -3.9000 51432 64800 300 1.1000 126.3000
S0178 -10.5000 -3.1000 41576 55978 300 1.1000 251.1000
S1586 -9.7000 -0.9000 47639 64800 300 1.1000 363.2000
S1215 -7.8000 -0.7000 30100 46645 300 2.0000 118.8000
S0255 -10.3000 -1.5000 44988 60401 300 0.7000 119.5000
S1317 -10.7000 -2.0000 42751 50313 300 0.6000 272.7000
S1098 -9.8000 -2.3000 49557 64800 300 2.8000 83.6000
S1617 -11.7000 -3.6000 41919 52291 300 3.0000 377.6000
