S1107 9.7000 -14.0000 44377 63317 300 2.5000 395.1000
S1721 8.2000 -15.4000 39401 57051 300 1.8000 224.4000
S1370 11.1000 -16.6000 41639 56124 300 1.5000 270.7000
S1381 9.7000 -13.7000 49202 64800 300 1.6000 271.9000
S0942 8.6000 -12.6000 38659 55003 300 1.2000 216.2000
S0528 7.8000 -15.4000 26468 40792 300 2.0000 339.5000
S0003 10.2000 -13.1000 30406 39025 300 0.5000 252.8000
S0880 9.9000 -14.3000 50414 64800 300 0.7000 340.4000
S0657 10.3000 -14.7000 34655 51466 300 1.3000 56.2000
S0386 10.3000 -14.0000 50035 64800 300 2.9000 324.6000
