S2052 8.5000 -7.6000 32162 46815 300 1.7000 254.6000
S1597 7.3000 -9.6000 38601 47196 300 1.6000 393.8000
S1884 6.8000 -9.4000 33799 44514 300 1.6000 167.0000
S0148 8.0000 -8.5000 29640 37889 300 1.2000 126.0000
S0633 8.9000 -9.1000 32084 46224 300 1.2000 276.2000
S0592 8.2000 -11.1000 45771 64800 300 2.0000 360.4000
S0073 7.9000 -8.3000 57347 64800 300 0.7000 317.4000
S1766 8.2000 -9.3000 30939 48797 300 0.6000 218.5000
S1174 7.5000 -9.0000 50572 57799 300 1.3000 53.1000
S1471 8.2000 -10.0000 23368 31114 300 1.3000 262.5000
S0832 8.0000 -9.9000 37965 55633 300 1.4000 88.0000
S0792 7.2000 -8.7000 46642 62555 300 1.4000 271.5000
