S1718 -4.0000 -1.4000 53860 64800 300 1.0000 98.3000
S1923 -2.7000 0.3000 30728 47885 300 1.5000 352.1000
S1543 -2.0000 -1.6000 27507 42682 300 0.8000 261.3000
S0501 -3.8000 -0.1000 53502 62190 300 0.8000 270.7000
S1181 -3.6000 2.1000 46537 57224 300 2.6000 163.6000
S0067 -1.6000 -0.0000 38511 54987 300 0.7000 319.8000
S0759 -0.1000 -0.1000 49883 61013 300 0.7000 362.6000
S1580 -4.2000 -2.6000 32068 45291 300 2.2000 155.3000
S0110 -3.5000 -0.9000 49151 57905 300 2.2000 288.7000
S1610 -2.7000 -0.6000 26618 37112 300 0.6000 292.2000
S1815 -4.3000 -1.5000 29908 42523 300 2.9000 384.7000
