S0322 10.4000 0.7000 34012 43993 300 1.5000 67.8000
S0915 12.0000 1.2000 57570 64800 300 1.5000 207.8000
S0023 11.5000 -0.2000 57134 64800 300 1.6000 131.5000
S2097 8.6000 -0.7000 45673 61005 300 1.6000 227.1000
S1467 6.4000 -0.2000 56019 64800 300 0.5000 183.5000
S1853 9.4000 0.0000 49856 64800 300 0.6000 108.9000
S1011 8.5000 1.1000 26781 47104 300 0.7000 290.3000
S1866 8.9000 -1.1000 47992 61272 300 2.5000 354.4000
S0732 11.2000 0.3000 50758 63790 300 2.3000 76.3000
S1287 9.8000 1.4000 36859 45362 300 1.8000 111.9000
S0202 11.5000 1.6000 43138 54604 300 1.1000 126.1000
