S1654 -12.8000 12.0000 36682 47864 300 0.9000 172.7000
S0975 -13.2000 11.9000 42882 56670 300 1.8000 199.6000
S0790 -11.6000 11.6000 42803 51696 300 1.8000 258.2000
S0205 -11.6000 13.3000 47494 60907 300 1.0000 162.6000
S0831 -11.1000 14.0000 25806 38680 300 1.5000 246.9000
S1560 -12.5000 12.0000 46876 64800 300 1.5000 297.8000
S1054 -11.9000 11.7000 29926 46544 300 1.1000 332.8000
S1436 -10.2000 13.3000 23331 36669 300 2.1000 215.0000
S1707 -10.3000 12.6000 51573 64800 300 0.7000 155.5000
S1769 -13.3000 14.0000 46896 59094 300 2.2000 94.0000
S0595 -11.4000 12.5000 41707 55919 300 1.3000 302.4000
