S1223 3.1000 -0.9000 43320 62173 300 1.0000 203.3000
S1776 6.2000 0.7000 32804 46706 300 2.7000 231.5000
S0971 4.8000 -0.6000 47988 64800 300 1.9000 56.8000
S1344 4.2000 -2.4000 29046 36737 300 1.1000 148.1000
S0218 3.7000 2.4000 29299 36552 300 1.1000 102.4000
S0169 2.6000 0.7000 53348 61762 300 0.7000 176.1000
S0570 4.3000 -0.1000 45879 64335 300 2.4000 188.0000
S1048 4.9000 0.4000 49070 62283 300 2.3000 268.8000
S0062 3.2000 1.7000 55503 63901 300 1.4000 76.3000
S1962 3.0000 1.4000 42022 63099 300 1.4000 122.8000
