S0028 16.3000 2.0000 50158 64622 300 1.3000 265.3000
S0578 16.7000 2.1000 27194 40445 300 1.2000 269.1000
S1692 17.2000 2.7000 41651 49330 300 1.6000 343.6000
S0280 15.9000 3.3000 35252 56174 300 1.1000 331.2000
S0012 17.0000 0.9000 33421 50228 300 1.0000 352.1000
S1341 16.6000 4.1000 53081 64800 300 0.9000 227.5000
S0818 16.8000 2.9000 54103 64800 300 2.4000 94.3000
S0328 16.4000 1.0000 50834 61202 300 2.2000 242.3000
S0752 16.8000 1.4000 23868 38012 300 1.9000 149.0000
S0233 16.9000 2.6000 23353 43757 300 1.8000 203.4000
