S0500 16.5000 -17.4000 52137 64800 300 1.8000 240.4000
S1435 17.0000 -18.3000 55698 64800 300 1.5000 291.9000
S0173 17.4000 -17.8000 57437 64800 300 1.2000 118.0000
S0450 16.9000 -16.5000 24810 44637 300 1.2000 209.8000
S2061 17.8000 -17.0000 46055 60065 300 2.2000 96.1000
S0800 16.7000 -18.0000 54460 64310 300 0.6000 274.9000
S1921 17.1000 -16.4000 41493 52499 300 2.8000 180.8000
S0964 17.2000 -17.4000 54201 64800 300 1.3000 260.6000
S0191 16.3000 -12.7000 26326 33603 300 1.3000 71.4000
S0409 17.2000 -15.7000 56949 64800 300 2.1000 192.9000
