S0984 15.9000 -15.5000 22482 29996 300 0.9000 380.8000
S1015 14.5000 -16.5000 34446 43534 300 1.8000 230.6000
S0721 15.6000 -16.6000 39343 47792 300 1.5000 356.6000
S1945 14.7000 -16.2000 53285 62317 300 1.2000 124.3000
S1068 16.2000 -16.0000 55428 64800 300 0.6000 208.9000
S0217 16.1000 -15.2000 42521 50540 300 0.6000 210.3000
S0993 15.0000 -14.0000 31314 50889 300 0.6000 320.3000
S0027 15.1000 -16.8000 56480 64800 300 2.1000 95.5000
S1940 17.4000 -14.0000 25134 41336 300 2.4000 340.1000
S0544 15.1000 -16.8000 28469 42660 300 2.9000 200.0000
S1702 17.5000 -14.4000 28485 38293 300 1.4000 217.4000
