S0703 7.0000 -18.9000 37253 46044 300 1.6000 369.9000
S1437 7.5000 -17.5000 40603 49351 300 0.6000 107.3000
S0643 5.8000 -19.9000 55365 64800 300 0.7000 116.2000
S1564 7.2000 -19.4000 31322 51625 300 0.7000 310.6000
S1655 6.3000 -19.8000 36617 57430 300 3.0000 205.5000
S1473 7.4000 -18.6000 27791 40803 300 2.8000 347.9000
S0607 6.7000 -19.5000 35780 50086 300 1.8000 81.1000
S0269 4.1000 -19.2000 55161 64800 300 1.1000 311.3000
S1468 7.5000 -18.6000 44026 60018 300 0.9000 268.1000
S1568 7.7000 -18.7000 25506 39980 300 2.4000 294.4000
