S0774 -3.9000 0.6000 48992 61034 300 1.7000 248.0000
S1521 -2.8000 1.9000 31168 46447 300 1.6000 126.7000
S1247 -6.4000 0.9000 32241 52299 300 1.5000 334.2000
S1138 -2.5000 0.5000 33841 41851 300 1.5000 358.1000
S1032 -2.9000 4.8000 46706 57082 300 2.6000 338.9000
S0870 -4.1000 2.1000 46084 57537 300 1.9000 348.0000
S0376 -1.9000 1.6000 39330 55082 300 1.1000 79.6000
S1080 -2.2000 1.5000 24629 43485 300 0.7000 338.8000
S0135 -0.9000 1.1000 36331 55159 300 0.7000 172.1000
S1852 -4.0000 1.8000 41437 52703 300 1.3000 190.5000
S0944 -5.9000 3.8000 51084 64800 300 1.3000 212.8000
