S1253 19.7000 5.2000 23961 39369 300 0.8000 213.3000
S0596 18.3000 7.3000 26417 40604 300 1.0000 103.8000
S1339 19.7000 3.7000 55958 64800 300 2.6000 318.7000
S0375 18.1000 9.2000 49013 58753 300 1.9000 147.2000
S1232 19.6000 6.0000 52725 64800 300 0.6000 305.5000
S1990 16.9000 9.9000 37974 58932 300 0.6000 237.7000
S1148 19.6000 8.4000 40688 61387 300 2.8000 54.6000
S1297 17.4000 8.0000 47681 60094 300 1.3000 84.1000
S0891 19.2000 6.9000 39438 60843 300 1.4000 289.8000
S0676 19.3000 7.0000 47337 64800 300 2.9000 201.3000
