S0120 6.5000 -11.9000 40510 50181 300 2.9000 328.1000
S0103 -2.5000 -5.0000 34187 51209 300 0.9000 261.9000
S0087 0.1000 -8.0000 21744 31684 300 2.6000 319.2000
S0131 6.0000 -8.4000 31113 41780 300 0.7000 156.0000
S0247 4.3000 -7.9000 51679 64800 300 0.8000 222.9000
S0015 8.0000 -9.9000 35963 56005 300 1.0000 353.9000
S0038 1.8000 -6.5000 37057 48878 300 1.7000 217.2000
S0070 1.9000 -7.0000 27520 38714 300 1.7000 128.6000
S0114 0.0000 -5.3000 31009 40581 300 1.6000 360.0000
S0190 2.9000 -8.6000 55658 64800 300 1.8000 335.6000
