S0106 10.1000 -15.2000 48437 64800 300 0.9000 228.0000
S0029 9.1000 -16.4000 26537 37171 300 1.4000 331.4000
S0010 9.0000 -11.1000 33262 42872 300 1.4000 337.2000
S0141 10.3000 -11.0000 48515 58016 300 1.4000 385.4000
S0059 10.3000 -13.8000 37057 52016 300 2.7000 206.6000
S0219 11.1000 -12.1000 49010 58816 300 1.1000 388.7000
S0021 8.7000 -19.3000 41241 55301 300 0.8000 230.3000
S0195 7.0000 -13.3000 54704 64800 300 2.4000 275.4000
S0073 12.2000 -14.1000 24158 39566 300 2.1000 72.3000
S0121 10.5000 -14.7000 43239 61441 300 1.6000 152.2000
