S0266 -11.9000 -2.2000 21777 29563 300 0.6000 391.6000
S0189 -12.6000 2.6000 42426 57801 300 2.3000 332.5000
S0125 -7.8000 4.5000 30424 44995 300 2.3000 208.5000
S0270 -13.5000 3.1000 48820 64800 300 1.4000 108.1000
S0154 -14.4000 -1.0000 47217 62989 300 0.9000 94.1000
S0255 -11.4000 1.9000 32065 48415 300 1.0000 327.2000
S0020 -10.7000 -0.4000 37868 54356 300 2.0000 200.1000
S0230 -10.9000 0.4000 42544 63252 300 1.2000 220.8000
S0241 -13.0000 -0.3000 42346 52842 300 1.7000 170.7000
S0198 -14.3000 -3.9000 29119 44168 300 2.4000 127.7000
