S0146 19.5000 -3.9000 34083 45091 300 0.6000 397.0000
S0238 14.7000 -6.6000 31085 46258 300 0.6000 122.8000
S0143 18.0000 -8.7000 27908 36695 300 0.9000 379.8000
S0049 14.7000 -3.1000 50180 57691 300 2.4000 146.3000
S0016 12.0000 -2.4000 42583 53599 300 2.3000 252.8000
S0218 18.7000 -9.6000 35300 53194 300 2.3000 285.6000
S0099 12.3000 -6.4000 25144 46255 300 1.8000 392.1000
S0260 16.8000 -4.7000 29209 48837 300 1.2000 276.1000
S0237 14.4000 -7.6000 51094 62804 300 2.2000 342.6000
S0023 19.3000 -4.9000 41486 59747 300 1.6000 79.6000
