S0039 -10.9000 -16.9000 40678 55568 300 1.9000 291.8000
S0223 -6.5000 -13.8000 25107 39404 300 0.6000 180.5000
S0216 -8.3000 -17.5000 28346 40594 300 1.7000 250.5000
S0026 -7.9000 -16.4000 48116 58085 300 1.8000 318.8000
S0037 -7.0000 -20.0000 36515 56280 300 0.9000 321.9000
S0004 -5.8000 -17.3000 26377 44810 300 1.0000 146.5000
S0246 -6.6000 -17.8000 23431 34304 300 1.2000 215.4000
S0101 -11.4000 -18.5000 44509 64729 300 1.2000 175.6000
S0008 -4.4000 -15.7000 28306 46315 300 0.8000 206.6000
S0161 -13.2000 -11.9000 50808 64800 300 2.2000 151.3000
S0242 -5.6000 -18.5000 23437 33480 300 2.3000 212.9000
