//ID    X        Y        EarlyStart(s)    LateStart(s)    Svc(s)    Vol(m3) Wgt(kg)
// Source: 277_stop.txt | Clusters: 31
//----------------------------------------------------------

// === Cluster 1 (11 stops, vol=17.1m3, center=(-11.95,4.98)) ===
S0020       -16.3      2.8        38870        50701      300      1.6    146.5
S0145       -14.9      7.7        32359        39963      300      1.7    308.3
S0122       -14.3      6.6        45771        55872      300      2.6    314.6
S0162       -15.1      2.4        45454        64005      300      1.2    329.7
S0181       -13.7      6.3        48858        64800      300      0.6    382.3
S0042       -14.5     -0.0        42342        52477      300      2.1    357.3
S0186       -10.4     10.6        44212        60873      300      0.6    172.2
S0038       -10.5      7.6        46091        60624      300      1.0    276.3
S0136        -9.8      6.2        47773        62790      300      2.4    391.9
S0106        -9.7      3.6        50775        58386      300      0.7    353.5
S0166        -2.2      1.0        38033        48527      300      2.6    182.4

// === Cluster 2 (11 stops, vol=15.8m3, center=(4.34,-16.51)) ===
S0178         5.0    -17.5        45506        64800      300      0.5    340.3
S0154         5.3    -14.3        38527        57245      300      1.8     84.2
S0081         4.7    -17.3        27535        47319      300      1.7    171.4
S0235         4.4    -13.8        52292        63812      300      1.7    124.4
S0109         6.1    -19.5        41031        54392      300      1.3     84.7
S0030        -0.4    -18.5        23788        35551      300      0.7    109.9
S0046         1.6    -14.6        52836        64800      300      1.4    381.9
S0069         5.8    -17.0        37422        49683      300      2.4    396.5
S0095         6.6    -17.7        27095        35399      300      0.8     61.0
S0223         2.9    -16.4        38983        50167      300      0.8    192.5
S0177         5.7    -15.0        39018        49997      300      2.7    356.9

// === Cluster 3 (11 stops, vol=16.0m3, center=(9.09,-9.08)) ===
S0254        10.9     -8.0        46507        59030      300      0.6    378.0
S0035         9.0     -9.2        42761        63360      300      1.8    338.4
S0271        10.4     -9.4        45413        64699      300      1.6    327.9
S0062         5.9    -12.5        51261        60543      300      1.2    112.2
S0003        10.6     -5.5        44540        62752      300      1.2    172.8
S0124         8.2     -6.9        22099        34775      300      1.2    324.7
S0231         2.6     -5.1        41122        54302      300      2.5    319.8
S0060        12.3     -8.0        30635        42836      300      1.0     78.3
S0013         9.3     -9.8        54579        64800      300      1.0    157.1
S0265         8.7     -9.0        55602        64800      300      1.0    350.4
S0211        12.1    -16.5        29680        42306      300      2.9     59.1

// === Cluster 4 (10 stops, vol=17.1m3, center=(14.07,-2.03)) ===
S0002        18.2     -5.4        34956        56098      300      0.6     92.2
S0040        18.5     -2.7        40287        60786      300      2.5    177.9
S0206        18.6     -0.6        37586        44957      300      2.1    371.9
S0070        16.3     -4.7        50762        64711      300      0.6    266.9
S0272        16.9      0.4        43784        60020      300      2.0     86.4
S0051        15.5     -4.5        35323        56400      300      1.1    142.2
S0195        13.4     -1.1        48771        56813      300      1.3    245.7
S0032        11.8     -0.7        36235        49566      300      2.6    127.6
S0063        11.9      0.4        30167        42875      300      1.8    284.8
S0068        -0.4     -1.4        39661        58123      300      2.5    125.7

// === Cluster 5 (10 stops, vol=16.0m3, center=(4.53,1.24)) ===
S0150         6.3      3.1        46525        64800      300      1.1    316.4
S0028        -2.9      2.4        21622        33497      300      1.9     61.7
S0141         6.3      1.9        45220        61015      300      0.8    202.3
S0172         2.5     -0.8        55885        64800      300      0.8    374.9
S0270        -1.8     -1.8        34094        43890      300      1.2    299.4
S0071         4.5      0.0        46558        61019      300      2.6    148.5
S0238         8.5      2.2        24270        38773      300      2.7    359.0
S0234         6.2      2.9        54809        64800      300      1.0    285.0
S0006         5.9      1.5        34312        50639      300      1.0    288.1
S0263         9.8      1.0        33661        47767      300      2.9    115.8

// === Cluster 6 (10 stops, vol=16.0m3, center=(4.89,16.35)) ===
S0075         8.0     17.9        26465        34584      300      2.0    172.4
S0264         6.4     17.7        53307        64800      300      2.0    347.9
S0192         3.6     15.9        37041        46030      300      2.0    316.8
S0208         3.6     16.1        39584        59824      300      0.8    111.4
S0012         6.3     14.1        33933        55209      300      0.6    392.2
S0250         1.3     15.6        30525        52073      300      0.9    209.9
S0076         4.4     16.6        47487        63215      300      1.5    346.6
S0188         5.0     17.6        49283        64800      300      2.7    390.7
S0125         6.8     15.7        40600        61134      300      2.5    239.6
S0275         3.5     16.3        56593        64800      300      1.0    244.5

// === Cluster 7 (10 stops, vol=15.6m3, center=(-9.84,14.77)) ===
S0217       -11.2     12.2        49919        64800      300      1.8    132.3
S0239       -11.5     14.5        41053        56043      300      1.6    292.4
S0112       -10.9     13.9        31582        41103      300      1.7    134.1
S0047       -12.7     13.5        29228        44718      300      1.3     83.6
S0158        -8.8     18.8        21609        39680      300      1.4    366.5
S0039        -9.8     14.3        42706        58970      300      1.4    204.0
S0224        -8.9     12.7        35123        49414      300      0.6    366.7
S0267        -8.4     16.0        42312        56806      300      0.8    296.2
S0128        -8.1     15.5        35144        44531      300      2.4    153.6
S0064        -8.1     16.3        44919        58943      300      2.6     50.5

// === Cluster 8 (10 stops, vol=15.6m3, center=(-15.73,-4.59)) ===
S0168       -17.1     -5.5        42547        53701      300      1.6    324.5
S0209       -17.0     -5.6        45468        62207      300      1.6     56.0
S0050       -14.2     -7.6        52221        64800      300      2.9    312.9
S0055       -16.3     -4.0        34213        49603      300      1.3    326.0
S0160       -12.4     -0.2        45517        61159      300      1.4     65.5
S0086       -15.1     -5.8        34534        43070      300      1.5    220.1
S0101       -17.1     -5.7        56610        64800      300      1.0    115.1
S0237       -15.0     -8.0        53790        64800      300      0.7    196.9
S0161       -16.3     -0.7        39309        50753      300      1.1     82.6
S0127       -16.8     -2.8        51483        58981      300      2.5    126.9

// === Cluster 9 (9 stops, vol=15.8m3, center=(17.96,8.56)) ===
S0113        15.9      9.9        45652        58314      300      2.2    165.9
S0088        18.6      6.3        26793        40682      300      3.0    167.4
S0230        18.8     12.6        23276        31553      300      0.7    237.4
S0198        19.6     11.1        48064        64800      300      0.7    203.7
S0222        18.4     10.0        35201        42452      300      0.7    217.9
S0262        18.6      7.1        27156        45979      300      2.9    367.5
S0183        14.9      8.8        22991        40648      300      1.4    335.1
S0137        18.7      6.4        56487        64656      300      1.5    165.8
S0203        18.1      4.8        51425        64800      300      2.7    361.3

// === Cluster 10 (9 stops, vol=15.6m3, center=(15.81,16.11)) ===
S0205        16.3     11.7        42128        57454      300      1.8    329.1
S0037        13.4     15.5        39501        51183      300      3.0    151.6
S0058        16.1     14.5        22722        42445      300      2.9    143.2
S0232        13.3     18.3        33970        45257      300      1.3    134.5
S0248        19.9     17.3        55876        64800      300      1.5    385.5
S0091        18.9     18.0        37382        50593      300      0.7    184.6
S0251        16.7     18.8        47416        64778      300      0.9    397.6
S0131        15.0     15.9        29319        49572      300      1.2    114.3
S0015        12.7     15.0        27672        49224      300      2.3    230.5

// === Cluster 11 (9 stops, vol=15.9m3, center=(12.42,12.07)) ===
S0184        13.2     13.3        29495        45582      300      2.0    265.3
S0229        13.7     10.2        51218        59245      300      0.5    131.3
S0242         9.2     12.9        56357        64800      300      1.8     70.5
S0074        10.6     11.9        53751        61121      300      1.2    262.5
S0164        12.9     10.6        38715        56388      300      1.4     61.1
S0273        14.8     11.7        55885        64800      300      0.8    152.9
S0078        12.1     12.4        46923        55289      300      2.5    375.0
S0025        15.4     12.3        23762        41498      300      2.8     59.6
S0256         9.9     13.3        24179        34576      300      2.9    146.2

// === Cluster 12 (9 stops, vol=16.0m3, center=(-2.07,17.02)) ===
S0104         0.9     17.6        48749        59944      300      2.2    347.0
S0019        -4.7     16.2        48198        55427      300      2.2    380.3
S0207        -4.5     16.1        36427        57072      300      2.1    114.1
S0218         0.4     15.2        55304        64800      300      0.8    262.5
S0008        -3.0     17.6        40481        60602      300      1.6    261.6
S0258        -4.1     18.8        34839        55014      300      2.6    233.9
S0018        -1.0     17.6        52384        64800      300      1.5    185.1
S0185        -0.6     17.5        52776        60826      300      1.5    371.8
S0233        -2.0     16.6        50125        64800      300      1.5    337.3

// === Cluster 13 (9 stops, vol=16.0m3, center=(-2.93,13.32)) ===
S0152        -9.8     13.1        45297        61525      300      2.0     87.8
S0001        -4.4     12.1        22048        31292      300      2.3    320.9
S0107        -4.7     14.0        52479        64800      300      1.7    294.6
S0120        -4.8     16.3        25954        35295      300      1.3    296.8
S0072        -2.6     15.1        34403        48141      300      1.2    370.3
S0179        -2.1     12.6        36141        47867      300      2.6    255.6
S0247         4.9     11.8        41652        58370      300      2.6    220.7
S0277        -0.3     15.3        43405        57450      300      1.4    301.6
S0187        -2.6      9.6        45898        61004      300      0.9    123.2

// === Cluster 14 (9 stops, vol=16.8m3, center=(-12.49,15.57)) ===
S0246       -11.8     18.2        53739        64800      300      2.2    258.5
S0200       -14.9     15.2        32368        42566      300      0.7     98.0
S0083       -13.4     18.1        40154        48809      300      2.0     84.6
S0098       -13.5     16.2        38587        52484      300      2.7    281.6
S0024         0.1      0.1        43354        56295      300      2.0    158.2
S0210       -14.3     19.9        48279        59556      300      2.5    363.1
S0220       -16.3     17.4        22314        40988      300      1.4    178.3
S0174       -15.8     17.2        47386        64800      300      1.8    329.1
S0111       -12.5     17.8        35090        47987      300      1.5    168.2

// === Cluster 15 (9 stops, vol=15.8m3, center=(0.36,6.54)) ===
S0129         2.3      7.2        31174        39207      300      1.9    126.8
S0252        -4.2      7.5        27420        45458      300      1.1    313.4
S0170        -3.0      6.6        46631        64800      300      0.7    349.7
S0054         0.9      6.5        23773        41269      300      0.7    254.5
S0227         3.3      2.7        44743        52563      300      0.7    371.8
S0194        -0.8      9.8        40980        50515      300      2.8    193.2
S0021         4.5      5.0        29882        50926      300      2.8    222.0
S0119        -1.3      8.0        26272        43422      300      2.4    366.0
S0084         1.5      5.6        55774        64800      300      2.7    199.4

// === Cluster 16 (9 stops, vol=15.9m3, center=(-17.37,5.88)) ===
S0276       -19.3      5.3        23371        32144      300      1.9    209.1
S0066       -19.7      2.0        44238        54513      300      2.2    204.9
S0204       -17.8      7.1        54460        62096      300      2.3    370.1
S0175       -18.5      3.6        34861        49447      300      0.5    332.8
S0097       -16.6      4.5        36222        53421      300      1.6    208.5
S0255       -15.3      9.7        22656        40324      300      0.8    106.9
S0011       -16.9      5.1        24391        32604      300      2.7     99.9
S0077       -16.8      8.4        48261        61120      300      1.0    133.6
S0027       -15.4      7.2        40131        55448      300      2.9    324.7

// === Cluster 17 (9 stops, vol=15.9m3, center=(-6.28,2.18)) ===
S0004        -3.8      2.7        43199        61783      300      0.7    341.0
S0196        -5.0      2.1        31876        45962      300      0.5    113.1
S0034        -8.2      3.6        39337        48923      300      1.6    180.6
S0213        -6.9     -0.1        30845        47700      300      1.2    379.1
S0225        -5.3     -0.2        47193        63956      300      1.2     72.0
S0259        -8.4      3.4        35140        45764      300      3.0    217.5
S0266        -4.5      0.3        44553        53238      300      2.5    392.2
S0115        -3.9      5.7        27010        42062      300      2.8    101.1
S0212       -10.5      2.1        30729        40685      300      2.4    213.8

// === Cluster 18 (9 stops, vol=15.1m3, center=(-10.59,-14.64)) ===
S0197       -12.5    -11.9        57201        64800      300      2.9    190.1
S0142        -7.9     -9.9        40806        61951      300      1.1    343.9
S0048        -8.2    -13.1        31843        47612      300      1.5    315.6
S0180       -13.8    -11.6        38011        47897      300      0.6    161.1
S0110        -9.2    -18.8        27127        42682      300      0.9     81.4
S0130       -13.4    -17.7        50449        64800      300      1.9    221.5
S0132       -10.4    -14.9        55588        64800      300      1.8    295.7
S0159       -10.2    -16.0        36901        52535      300      2.3     82.2
S0214        -9.7    -17.9        42181        61569      300      2.1    324.0

// === Cluster 19 (9 stops, vol=15.2m3, center=(-17.11,-16.80)) ===
S0073       -15.4    -17.2        30237        42208      300      2.9    185.0
S0096       -15.7    -17.1        27232        40784      300      0.6    142.4
S0201       -18.8    -13.8        44654        58080      300      0.7    176.5
S0093       -17.6    -18.9        30141        43675      300      1.0     55.5
S0236       -15.7    -16.5        49156        64800      300      1.1    140.4
S0105       -16.8    -16.9        32415        51249      300      1.7    172.7
S0215       -17.0    -14.8        27731        35635      300      2.7    189.5
S0133       -17.7    -18.7        41962        51428      300      2.1    131.4
S0245       -19.3    -17.3        23748        39475      300      2.4    367.4

// === Cluster 20 (9 stops, vol=16.0m3, center=(14.98,-17.36)) ===
S0140        19.5    -16.5        25849        47036      300      1.7    299.0
S0036        18.6    -16.8        34541        46956      300      1.7    177.1
S0269         8.9    -19.3        39431        47299      300      1.3     55.3
S0253        14.3    -15.4        53877        64800      300      2.4    278.1
S0219        12.0    -18.4        29753        50334      300      0.8    134.7
S0007        17.4    -17.3        27027        35004      300      1.2    177.7
S0244        14.3    -19.8        46521        55690      300      1.5    392.6
S0143        17.0    -17.5        24709        34291      300      2.7     53.3
S0134        12.8    -15.2        34173        46935      300      2.7     60.6

// === Cluster 21 (9 stops, vol=17.3m3, center=(13.52,2.56)) ===
S0173        16.7      1.4        43580        51614      300      1.4    319.1
S0226        16.1      4.6        47457        57565      300      2.7    356.6
S0094        16.1      3.4        40834        58596      300      1.6    252.8
S0089        15.8      2.5        46927        59115      300      0.9    351.1
S0116        15.5      1.2        23910        43633      300      2.3     65.9
S0144        14.9      3.7        47889        64800      300      2.0    291.7
S0061        14.8      1.0        46349        56399      300      2.1    323.7
S0087        14.0      3.1        29396        49215      300      1.4     76.1
S0033        -2.2      2.1        22059        38999      300      2.9    221.9

// === Cluster 22 (8 stops, vol=15.7m3, center=(10.09,6.95)) ===
S0121         4.3      2.0        47712        64800      300      2.0    216.7
S0135         9.1     10.6        54815        64779      300      2.0    320.1
S0165        11.1      5.5        33028        54031      300      2.1    281.7
S0163        12.1      9.6        36472        53746      300      2.1    153.9
S0153         9.2     11.2        51433        64800      300      1.6    163.1
S0126        12.6      4.2        52860        64800      300      2.8     59.0
S0049        13.5      6.8        27034        37989      300      0.8    182.2
S0085         8.8      5.7        21988        37799      300      2.3    222.7

// === Cluster 23 (8 stops, vol=15.6m3, center=(-18.40,14.81)) ===
S0241       -19.8     16.0        30333        48848      300      1.8    294.8
S0102       -19.5     12.7        53926        64800      300      3.0    198.2
S0167       -18.0     13.9        51155        62009      300      2.8    337.3
S0157       -19.7     17.2        47231        56810      300      1.4    173.5
S0014       -19.7     12.5        46305        59433      300      1.4     74.2
S0041       -17.7     18.3        46850        56415      300      1.5    315.4
S0029       -15.4     11.7        53863        62698      300      1.2    294.4
S0118       -17.4     16.2        27964        47359      300      2.5     55.5

// === Cluster 24 (8 stops, vol=16.0m3, center=(-5.53,-2.50)) ===
S0052        -5.3     -1.7        24505        33359      300      2.2    162.4
S0059        -7.8      0.2        45500        53215      300      2.0    148.5
S0067         2.4     -2.1        24207        38506      300      0.6    370.9
S0146       -10.1     -4.2        42052        56826      300      1.8    117.3
S0176        -4.9     -0.4        28466        49545      300      3.0    330.6
S0151         2.1     -4.0        54057        64800      300      3.0    364.1
S0156       -10.4     -3.9        40678        50687      300      0.9     50.3
S0147       -10.2     -3.9        27283        40382      300      2.5    232.5

// === Cluster 25 (8 stops, vol=15.9m3, center=(-7.83,-7.13)) ===
S0274        -7.0     -5.1        51595        64800      300      1.9    356.2
S0022        -8.1     -8.3        41344        56800      300      2.2    137.2
S0169        -7.3     -7.3        36023        45280      300      1.7    178.6
S0243        -7.6     -7.7        36860        52886      300      1.1    108.1
S0053        -7.4     -7.7        52686        64800      300      1.1     97.3
S0080        -7.8     -3.8        43866        51997      300      2.6    250.1
S0117        -8.4     -7.1        29054        46727      300      2.9    386.0
S0149        -9.0    -10.0        55418        64800      300      2.4    169.5

// === Cluster 26 (8 stops, vol=15.9m3, center=(4.77,-6.93)) ===
S0057         1.2     -7.6        45877        54906      300      1.1    325.5
S0090         8.2     -1.2        44855        60400      300      1.3    309.9
S0092         3.5    -12.8        54090        64800      300      1.3    210.1
S0044         3.8    -10.9        32569        47808      300      2.7    372.5
S0189         7.7     -6.1        38833        52430      300      2.8    381.1
S0016         4.3     -7.0        53819        64800      300      2.8    157.3
S0249         4.7     -3.3        32973        40426      300      1.5    248.0
S0228         4.8     -6.5        30431        50426      300      2.4    296.8

// === Cluster 27 (8 stops, vol=15.6m3, center=(-1.39,-10.31)) ===
S0010        -1.7     -7.9        46823        64800      300      1.9    186.9
S0100        -0.5    -14.6        41952        56757      300      2.9    332.9
S0191        -0.1     -8.3        44115        53757      300      1.5    273.8
S0171        -2.0    -10.8        45888        55795      300      1.1    392.7
S0155        -0.7    -10.5        31309        50839      300      1.2    344.2
S0148        -2.1    -11.7        55183        64800      300      2.3    209.7
S0123        -1.9     -8.4        30465        47198      300      2.3    106.2
S0202        -2.1    -10.3        32952        44856      300      2.4    113.0

// === Cluster 28 (8 stops, vol=16.0m3, center=(12.49,-9.79)) ===
S0139        11.8    -10.1        34783        55459      300      2.1    257.9
S0099        11.5    -12.6        40431        61858      300      2.3    390.2
S0114        13.3     -6.8        31423        52610      300      1.2     62.0
S0216        12.0     -9.6        36594        51623      300      0.9    269.7
S0056        11.8     -9.1        36294        48599      300      2.8    198.3
S0268        12.7    -12.8        44135        63434      300      2.8     87.5
S0017        14.4    -11.1        32724        49458      300      1.0     87.7
S0009        12.4     -6.2        22095        37519      300      2.9    367.2

// === Cluster 29 (7 stops, vol=15.9m3, center=(5.67,7.90)) ===
S0045         6.0      8.0        40927        59920      300      2.2    304.6
S0260         5.7      7.9        43052        60308      300      1.6    230.7
S0005         4.7      9.4        21632        32932      300      3.0    380.6
S0065         7.9     10.8        56629        64800      300      2.5     68.3
S0240         6.4      8.1        21629        32649      300      0.9    104.8
S0182         4.0      6.8        32395        49760      300      2.8    322.3
S0190         5.0      4.3        45643        56503      300      2.9    171.1

// === Cluster 30 (7 stops, vol=15.8m3, center=(-4.59,-11.91)) ===
S0026        -3.5    -11.0        57327        64569      300      2.0    349.0
S0199        -2.5     -9.9        31796        50154      300      1.7    277.4
S0108        -7.0    -11.8        26175        46457      300      2.6    398.7
S0023        -7.1    -13.3        25107        34698      300      2.8    381.0
S0031        -3.9     -9.8        45245        52804      300      1.5    136.8
S0138        -3.0    -13.2        37991        57201      300      2.5    267.5
S0103        -5.1    -14.4        51832        64800      300      2.7    137.4

// === Cluster 31 (7 stops, vol=15.9m3, center=(18.34,-14.03)) ===
S0261        18.2    -16.9        25926        42208      300      1.4    231.4
S0043        19.1     -9.7        41507        55548      300      2.7    113.4
S0257        19.9    -18.0        37053        45997      300      2.7    182.7
S0193        19.4    -13.2        35987        46618      300      2.5    388.0
S0079        18.0    -14.7        49492        63750      300      0.9    367.0
S0221        16.0    -11.7        22637        38552      300      2.9    128.4
S0082        17.8    -14.0        50066        64800      300      2.8    125.9
