S0155 -16.9000 -7.5000 36894 49620 300 2.6000 377.3000
S0269 -19.0000 -7.0000 40943 60146 300 1.4000 277.7000
S0035 -17.2000 -2.0000 33531 47317 300 1.8000 338.6000
S0197 -18.0000 -2.8000 49157 58762 300 0.6000 350.5000
S0116 -16.9000 -2.9000 32821 51576 300 0.6000 216.1000
S0129 -18.8000 -4.6000 45659 64800 300 0.8000 329.1000
S0261 -19.6000 -7.5000 54858 64800 300 0.9000 300.6000
S0108 -18.1000 -2.8000 46856 56908 300 1.9000 152.6000
S0263 -17.9000 -8.7000 29627 37728 300 2.5000 158.2000
S0012 -19.6000 -2.3000 44592 62513 300 2.3000 87.1000
