S0171 12.3000 -6.2000 37779 47595 300 2.3000 238.3000
S0042 13.2000 -9.6000 26429 34150 300 1.0000 129.2000
S0002 16.2000 -10.5000 33905 42130 300 2.0000 157.3000
S0191 13.6000 -10.9000 34920 51696 300 1.4000 223.6000
S0245 12.4000 -10.3000 24841 39909 300 1.4000 205.7000
S0235 12.8000 -9.1000 55103 64800 300 1.4000 90.3000
S0210 16.5000 -11.4000 39545 53189 300 1.4000 90.8000
S0157 12.0000 -10.1000 25381 41825 300 1.3000 84.5000
S0274 9.6000 -9.3000 40423 48236 300 1.6000 111.4000
S0138 12.4000 -7.3000 56927 64800 300 1.6000 183.0000
