S0314 4.0000 15.7000 33430 43990 300 0.6000 259.4000
S0306 4.7000 19.8000 22284 43208 300 3.0000 256.0000
S0044 2.1000 17.6000 25508 42063 300 2.3000 75.1000
S0233 4.4000 19.3000 27415 40966 300 1.0000 145.9000
S0149 3.4000 18.0000 47689 63781 300 1.0000 383.2000
S0017 4.9000 19.4000 41862 53271 300 1.2000 93.5000
S0159 8.0000 16.7000 36794 53918 300 0.9000 279.7000
S0106 6.4000 15.8000 37440 47746 300 2.2000 360.0000
S0058 4.4000 18.8000 30477 39633 300 1.7000 123.5000
S0238 1.7000 18.5000 35155 46825 300 1.7000 158.4000
