S0007 -0.7000 -8.5000 50833 60515 300 0.5000 387.3000
S0129 -0.3000 -7.7000 33936 44622 300 0.7000 316.2000
S0185 -3.2000 -7.0000 43986 57315 300 2.9000 323.2000
S0081 -0.1000 -11.2000 40643 49473 300 1.9000 369.6000
S0125 1.1000 -11.7000 45177 63091 300 1.4000 247.1000
S0282 0.8000 -6.9000 56974 64800 300 1.4000 60.6000
S0056 -0.8000 -11.3000 39920 52119 300 1.5000 82.4000
S0118 0.8000 -7.5000 56468 64800 300 1.5000 50.6000
S0286 2.6000 -6.9000 25103 32750 300 1.5000 324.8000
S0042 3.5000 -5.4000 40901 53893 300 2.0000 72.6000
