S0068 -4.9000 2.6000 34136 54423 300 0.9000 271.4000
S0089 -8.1000 2.0000 32918 49924 300 0.9000 79.4000
S0175 -6.0000 -2.9000 35744 46549 300 0.5000 65.8000
S0243 -7.4000 -0.9000 26647 43218 300 0.6000 329.2000
S0131 -8.5000 -1.0000 43882 60238 300 1.8000 217.8000
S0083 -2.6000 0.6000 30872 38962 300 1.9000 362.0000
S0271 -7.4000 2.4000 49493 59839 300 1.3000 88.5000
S0280 -10.8000 1.8000 25373 35480 300 1.5000 319.9000
S0102 -4.7000 -0.4000 41402 56864 300 1.5000 81.0000
S0172 -5.3000 3.5000 24543 42096 300 2.9000 258.5000
S0183 -5.3000 4.8000 40667 51639 300 2.1000 336.8000
