S0107 7.0000 -4.5000 40588 55233 300 0.5000 317.6000
S0202 8.5000 -9.2000 36041 49335 300 0.7000 278.2000
S0311 6.1000 -3.3000 45841 58305 300 0.7000 333.6000
S0127 6.0000 -2.3000 45841 64800 300 0.7000 353.6000
S0096 2.2000 -0.9000 29882 50650 300 0.7000 84.9000
S0276 8.4000 -4.8000 38344 58361 300 1.1000 285.2000
S0279 6.1000 -5.3000 41541 58383 300 1.3000 367.2000
S0199 9.7000 -3.0000 37169 47529 300 1.7000 385.4000
S0192 5.8000 -4.4000 38725 46448 300 1.8000 294.1000
S0136 4.4000 -0.2000 45934 64157 300 1.6000 69.6000
S0328 7.1000 -5.8000 23292 43361 300 2.9000 366.9000
S0119 4.9000 -6.5000 32443 44112 300 2.2000 324.6000
