S0034 -2.3000 7.5000 25569 40979 300 0.6000 81.2000
S0184 2.0000 10.0000 35298 43374 300 0.7000 259.8000
S0098 2.1000 12.4000 34998 48327 300 2.7000 313.3000
S0181 -4.4000 8.1000 54717 64800 300 2.7000 295.5000
S0293 1.8000 8.4000 54773 64800 300 1.5000 223.6000
S0055 -3.4000 10.3000 33432 42857 300 1.1000 389.2000
S0270 -2.3000 7.1000 26586 35252 300 1.2000 62.8000
S0302 -5.2000 7.7000 57399 64800 300 1.3000 309.5000
S0140 1.8000 7.9000 48982 64800 300 1.3000 207.4000
S0150 2.1000 8.8000 24617 37405 300 2.9000 236.0000
