S0147 -10.7000 9.2000 32093 40981 300 0.7000 119.3000
S0191 -9.1000 9.8000 53451 64800 300 1.7000 135.1000
S0072 -8.1000 12.6000 35733 53407 300 1.2000 58.6000
S0317 -13.0000 14.2000 26389 47620 300 1.0000 105.9000
S0261 -5.8000 9.7000 25875 34525 300 1.5000 65.3000
S0022 -7.6000 9.9000 26986 44383 300 1.4000 122.1000
S0061 -8.3000 6.9000 54318 64800 300 2.0000 77.8000
S0244 -7.9000 6.7000 34974 43419 300 2.0000 223.0000
S0128 -9.9000 10.5000 49742 64800 300 2.1000 75.2000
S0322 -7.0000 11.5000 21668 42217 300 2.1000 97.2000
