S0267 16.8000 -19.1000 38450 49781 300 0.5000 187.9000
S0003 19.1000 -13.3000 48147 64800 300 0.6000 97.8000
S0323 19.8000 -18.8000 24313 45351 300 0.8000 362.6000
S0069 18.1000 -18.2000 31620 41728 300 0.8000 238.5000
S0053 18.8000 -12.1000 23180 37572 300 0.8000 300.4000
S0254 18.6000 -16.6000 51073 62266 300 0.9000 87.2000
S0216 16.8000 -18.7000 25667 40894 300 1.9000 151.1000
S0012 17.8000 -15.6000 55179 64800 300 1.2000 182.5000
S0092 16.3000 -17.4000 51325 61006 300 1.4000 139.2000
S0193 14.5000 -19.8000 41581 55116 300 1.7000 296.2000
S0067 19.0000 -16.0000 51752 64800 300 2.8000 103.1000
S0215 18.9000 -15.1000 54122 64800 300 2.2000 52.4000
