S0023 11.7000 -17.2000 52421 64800 300 1.8000 308.4000
S0283 12.4000 -16.6000 54258 64800 300 0.7000 184.8000
S0008 11.2000 -15.9000 53148 64800 300 2.6000 117.0000
S0064 13.0000 -12.8000 54679 64800 300 2.9000 61.7000
S0321 9.0000 -14.3000 49269 59347 300 0.7000 147.3000
S0274 8.2000 -14.7000 21983 29314 300 2.1000 302.5000
S0101 5.9000 -14.7000 40999 54190 300 1.0000 338.4000
S0135 7.5000 -13.0000 55530 64800 300 2.0000 53.6000
S0080 9.1000 -10.5000 45249 59413 300 1.0000 132.6000
S0066 -1.4000 -0.1000 52271 60289 300 2.7000 142.1000
