S0062 -6.6000 -2.4000 51470 64800 300 0.9000 296.2000
S0109 -1.3000 -5.2000 30152 42502 300 1.1000 262.1000
S0300 -4.6000 -4.1000 57244 64800 300 1.0000 199.1000
S0329 -3.1000 -8.1000 41626 56060 300 1.0000 323.0000
S0225 3.0000 -3.0000 32110 44101 300 1.3000 398.7000
S0121 -0.3000 -5.8000 42715 51543 300 1.7000 358.8000
S0206 -3.8000 -2.8000 47810 64800 300 1.8000 299.7000
S0073 2.4000 0.3000 29138 37217 300 1.8000 290.0000
S0105 -1.9000 0.6000 34663 55224 300 2.5000 58.2000
S0307 -4.1000 -2.1000 40363 50434 300 2.3000 376.8000
