S0291 10.7000 -9.8000 23352 43376 300 0.7000 270.9000
S0277 12.8000 -11.8000 52056 64800 300 0.8000 193.2000
S0116 19.1000 -13.7000 31170 41502 300 2.4000 174.1000
S0188 14.9000 -10.7000 51306 64800 300 0.9000 381.6000
S0210 19.6000 -10.1000 28899 37506 300 1.1000 122.4000
S0171 15.7000 -16.1000 23531 31867 300 1.9000 351.1000
S0269 15.4000 -10.3000 23715 41571 300 1.9000 175.0000
S0326 14.4000 -12.3000 53648 64800 300 1.7000 269.7000
S0077 6.8000 -9.0000 36294 48900 300 1.6000 162.6000
S0111 17.4000 -13.4000 38725 53938 300 2.8000 87.2000
