S0256 -2.6000 5.8000 53565 64800 300 0.9000 64.1000
S0097 1.4000 5.5000 52531 64800 300 0.9000 132.6000
S0019 3.0000 0.3000 36128 50319 300 0.9000 240.4000
S0126 -3.3000 3.3000 36743 49085 300 0.8000 207.0000
S0030 1.5000 5.4000 46219 56321 300 2.0000 175.6000
S0075 0.2000 6.8000 26497 47000 300 2.3000 355.9000
S0112 0.1000 1.5000 36600 52651 300 1.8000 154.5000
S0296 -1.0000 7.9000 26163 42513 300 1.9000 266.3000
S0331 1.0000 4.8000 21904 32604 300 1.6000 97.7000
S0312 5.6000 6.5000 54902 64800 300 2.8000 65.3000
