S0141 -10.4000 -18.5000 24678 36810 300 0.7000 70.1000
S0292 -14.0000 -17.6000 41646 57194 300 0.8000 119.4000
S0145 -7.2000 -16.8000 49573 61179 300 1.1000 363.6000
S0152 -14.0000 -17.1000 28937 43035 300 2.7000 100.1000
S0301 -16.2000 -12.7000 47220 56699 300 1.4000 375.2000
S0230 -14.1000 -15.6000 56567 64304 300 1.6000 350.2000
S0001 -14.5000 -13.1000 40708 61186 300 1.5000 327.7000
S0182 -13.9000 -11.8000 52764 64800 300 1.5000 149.8000
S0046 -13.2000 -13.0000 55642 64800 300 1.8000 215.0000
S0204 -14.3000 -11.0000 40372 60647 300 2.1000 204.6000
