S0162 -19.6000 -6.6000 39571 59843 300 0.5000 138.9000
S0027 -14.6000 -7.2000 54249 64800 300 0.7000 50.6000
S0137 -16.3000 -8.1000 36069 55193 300 2.8000 204.0000
S0250 -13.9000 -8.2000 54487 64800 300 2.6000 260.8000
S0211 -18.4000 -7.1000 46222 58582 300 0.9000 365.6000
S0005 -19.0000 -8.1000 43933 61087 300 1.3000 275.5000
S0029 -13.1000 -3.9000 46893 57566 300 1.3000 377.9000
S0143 -17.8000 -9.9000 35815 46012 300 1.4000 272.2000
S0154 -15.9000 -5.4000 28225 49314 300 1.4000 393.0000
S0120 -12.7000 -3.3000 23193 37895 300 2.1000 278.7000
