S0048 11.8000 14.5000 52521 62637 300 0.9000 338.5000
S0130 10.4000 13.6000 46775 64800 300 0.8000 180.6000
S0318 15.5000 11.0000 45443 63715 300 2.7000 395.0000
S0009 14.7000 12.0000 37444 47289 300 1.4000 281.7000
S0124 11.5000 11.5000 23664 33895 300 1.8000 169.8000
S0059 14.4000 13.9000 54555 62113 300 1.7000 276.0000
S0253 10.5000 16.8000 44588 56389 300 1.9000 93.9000
S0148 8.0000 14.9000 55419 63045 300 1.9000 163.8000
S0278 11.7000 17.1000 22186 31000 300 1.3000 99.6000
S0054 17.6000 13.1000 45700 55915 300 1.6000 107.0000
