S0272 -19.9000 8.1000 50191 64800 300 0.6000 100.4000
S0161 -14.8000 11.3000 24942 35599 300 0.8000 126.3000
S0052 -18.3000 9.3000 52141 64800 300 1.0000 319.1000
S0288 -19.3000 18.4000 28385 45571 300 1.7000 106.0000
S0235 -18.3000 13.0000 27159 38932 300 2.3000 82.4000
S0330 -17.8000 15.9000 31987 51419 300 1.2000 254.5000
S0099 -16.1000 13.0000 44843 58180 300 1.2000 226.9000
S0084 -17.3000 11.8000 49245 64349 300 1.3000 262.0000
S0262 -16.0000 13.4000 38257 51241 300 2.9000 127.5000
S0237 -16.2000 12.6000 45488 58159 300 2.9000 172.0000
