S0281 -18.2000 -16.9000 53424 61426 300 0.6000 209.1000
S0401 -19.7000 -16.6000 41713 52366 300 0.7000 284.2000
S0175 -18.7000 -18.2000 35173 47847 300 1.9000 318.7000
S0373 -17.9000 -17.2000 28597 45316 300 1.0000 236.4000
S0400 -16.3000 -17.9000 49076 64800 300 1.0000 328.5000
S0087 -19.0000 -18.7000 31677 47485 300 0.9000 397.7000
S0083 -18.6000 -17.4000 35072 42861 300 0.9000 114.3000
S0167 -14.4000 -19.5000 50749 60951 300 0.9000 339.6000
S0040 -18.7000 -19.3000 57244 64800 300 2.8000 101.7000
S0358 -18.4000 -16.2000 37611 54245 300 2.8000 99.1000
S0382 -16.7000 -17.4000 24396 44455 300 2.4000 104.6000
