S0316 -0.8000 -6.1000 45709 63628 300 0.8000 238.8000
S0154 -4.4000 -1.8000 36042 46642 300 1.7000 188.2000
S0318 2.5000 -4.7000 36158 51375 300 1.7000 167.1000
S0415 0.6000 -9.2000 21604 32150 300 0.9000 210.1000
S0116 -2.3000 0.0000 24094 38799 300 0.9000 103.6000
S0396 0.2000 -3.7000 44036 52755 300 1.0000 280.9000
S0409 -1.2000 -2.6000 42143 60480 300 1.5000 373.5000
S0068 0.4000 -7.3000 56696 64800 300 2.5000 212.3000
S0319 -3.1000 -5.3000 51310 61448 300 2.9000 205.3000
S0322 -2.7000 -12.1000 55046 64800 300 2.1000 342.1000
