S0143 -16.8000 -8.8000 34700 43284 300 1.1000 284.5000
S0224 -14.8000 -3.3000 41471 59450 300 0.9000 398.0000
S0321 -18.1000 -6.2000 38355 58293 300 1.4000 376.8000
S0286 -19.4000 -7.8000 40661 60894 300 0.8000 349.1000
S0256 -16.5000 -8.2000 40060 51411 300 1.5000 105.8000
S0356 -17.8000 -5.0000 50743 62014 300 1.5000 329.8000
S0226 -14.8000 -6.7000 46789 60198 300 1.5000 361.0000
S0108 -14.7000 -4.5000 55879 64800 300 2.5000 383.3000
S0126 -12.5000 -7.6000 22090 40914 300 2.5000 127.1000
S0357 -17.5000 -7.3000 38411 49326 300 2.1000 296.2000
