S0029 17.3000 -12.0000 57106 64800 300 1.0000 228.6000
S0235 18.1000 -10.4000 36827 54803 300 0.9000 143.9000
S0378 15.5000 -6.3000 53596 64800 300 0.8000 373.1000
S0172 12.2000 -6.9000 45649 62712 300 1.2000 216.9000
S0217 18.5000 -9.7000 56688 64800 300 1.7000 265.5000
S0271 18.7000 -10.3000 37226 50112 300 1.8000 218.9000
S0052 19.8000 -7.6000 38409 56246 300 1.8000 376.0000
S0411 18.8000 -10.1000 55225 63801 300 2.0000 288.5000
S0228 19.1000 -9.6000 48354 64800 300 2.2000 283.2000
S0163 16.9000 -9.4000 32054 53150 300 2.2000 343.5000
