S0113 -13.0000 -15.3000 36879 55063 300 0.5000 56.2000
S0284 -13.6000 -16.4000 32359 52870 300 1.8000 286.0000
S0082 -15.2000 -12.3000 42315 50658 300 1.1000 62.5000
S0014 -13.2000 -13.6000 42795 53016 300 1.1000 330.1000
S0241 -14.2000 -14.6000 48746 64502 300 1.4000 134.2000
S0365 -12.2000 -14.5000 50050 59127 300 2.2000 302.9000
S0219 -15.7000 -13.4000 41686 62394 300 1.9000 88.1000
S0280 -14.9000 -13.3000 35781 48805 300 1.9000 274.9000
S0058 -14.4000 -10.2000 29348 47013 300 1.9000 184.7000
S0132 -15.6000 -12.9000 23489 43539 300 2.0000 250.0000
