S0417 -4.1000 -13.2000 40487 52992 300 0.6000 173.4000
S0147 -4.1000 -14.8000 37003 45272 300 1.3000 293.3000
S0081 -3.5000 -12.6000 44903 58340 300 1.3000 84.6000
S0189 -3.7000 -12.4000 43988 53972 300 1.3000 290.0000
S0164 -5.8000 -10.9000 22736 40244 300 1.2000 271.2000
S0056 -0.9000 -13.6000 36348 55318 300 1.4000 83.6000
S0084 -2.1000 -14.1000 40990 56488 300 1.5000 186.8000
S0342 -2.6000 -8.4000 26256 46590 300 2.8000 353.7000
S0305 -5.8000 -15.7000 33822 47228 300 2.2000 229.0000
S0069 -4.9000 -15.2000 26247 46208 300 2.3000 155.6000
