S0220 -2.6000 19.3000 23577 33996 300 1.6000 129.3000
S0341 -3.7000 18.8000 35148 54945 300 2.4000 287.8000
S0122 -1.9000 18.5000 40062 52639 300 1.0000 98.3000
S0174 -1.9000 17.1000 53459 64800 300 2.9000 126.4000
S0277 -5.7000 15.0000 25617 34054 300 1.0000 240.3000
S0287 -0.7000 15.8000 52645 64800 300 1.0000 94.7000
S0022 -4.4000 15.1000 37978 51263 300 0.7000 98.5000
S0290 -3.3000 15.1000 22131 30106 300 0.6000 309.4000
S0351 -2.2000 14.9000 28630 47010 300 2.8000 150.2000
S0112 -2.3000 14.8000 34224 44528 300 0.8000 308.2000
S0362 -1.7000 1.0000 30383 48651 300 2.8000 221.6000
