S0020 5.7000 12.9000 40609 60186 300 1.3000 328.3000
S0050 5.8000 15.7000 23221 41978 300 1.0000 136.3000
S0159 4.7000 14.5000 29656 51073 300 1.1000 143.2000
S0424 3.9000 14.8000 23930 34799 300 1.1000 252.4000
S0138 7.5000 15.3000 46557 61138 300 0.7000 281.3000
S0102 4.5000 12.2000 39862 48330 300 0.7000 212.4000
S0368 9.4000 16.7000 21943 40370 300 2.8000 368.0000
S0210 10.3000 12.9000 35675 51651 300 2.5000 340.6000
S0157 9.5000 13.2000 34986 49497 300 2.5000 62.2000
S0024 5.7000 14.6000 37256 48288 300 1.8000 360.5000
