S0201 -10.8000 -4.7000 42592 62571 300 0.6000 228.7000
S0302 -9.8000 -5.1000 38104 49660 300 0.6000 81.5000
S0136 -2.7000 -0.3000 39114 52528 300 0.8000 69.3000
S0110 -10.2000 -7.4000 33094 41349 300 1.8000 107.6000
S0247 -5.6000 -7.8000 45874 64800 300 1.1000 86.2000
S0062 -8.1000 -6.3000 47102 64800 300 1.5000 151.3000
S0295 -4.5000 -5.8000 22653 32252 300 1.5000 220.9000
S0347 -7.0000 -4.2000 44545 53915 300 0.9000 382.6000
S0444 -9.8000 -6.8000 21771 36347 300 2.5000 129.4000
S0125 -9.4000 -4.2000 34436 49937 300 2.5000 266.4000
S0091 -6.2000 -6.7000 56189 64800 300 2.2000 207.5000
