S0004 18.9000 15.2000 49312 64800 300 1.1000 252.6000
S0421 18.8000 14.9000 50560 58349 300 1.1000 253.0000
S0350 18.4000 10.9000 22022 32690 300 1.1000 107.1000
S0158 15.4000 13.6000 31356 47786 300 1.4000 108.1000
S0153 19.2000 14.1000 21716 30369 300 0.8000 83.6000
S0215 18.9000 10.6000 32454 46500 300 2.5000 248.5000
S0272 16.5000 13.3000 27439 35874 300 1.6000 260.9000
S0329 15.7000 13.2000 50803 64800 300 1.9000 364.2000
S0237 19.0000 12.6000 47892 59339 300 1.8000 76.0000
S0196 16.4000 14.0000 56027 64800 300 2.1000 311.9000
