S0192 -12.7000 -10.0000 52874 64800 300 0.5000 340.2000
S0135 -8.4000 -14.1000 57183 64800 300 1.1000 98.8000
S0007 -11.1000 -12.6000 57198 64800 300 1.7000 184.0000
S0267 -8.0000 -11.6000 24871 39067 300 0.8000 140.8000
S0096 -1.1000 -10.8000 48220 64800 300 0.8000 399.9000
S0420 -5.9000 -9.1000 34203 55141 300 1.4000 394.2000
S0315 -7.8000 -11.8000 44773 59046 300 1.6000 93.2000
S0393 -6.9000 -8.9000 53780 61382 300 0.9000 216.3000
S0090 -5.8000 -11.3000 22780 31301 300 2.3000 263.8000
S0177 -9.2000 -13.0000 42394 56991 300 2.2000 146.9000
S0326 -12.0000 -12.7000 57339 64800 300 2.4000 99.8000
