//ID    X        Y        EarlyStart(s)    LateStart(s)    Svc(s)    Vol(m3) Wgt(kg)
// Source: 444_stop.txt | Clusters: 49
//----------------------------------------------------------

// === Cluster 1 (12 stops, vol=15.9m3, center=(-5.41,6.05)) ===
S0194        -7.2      7.8        42298        50017      300      1.0    384.8
S0166        -6.8      4.8        37749        46323      300      0.9    389.2
S0030        -5.5      5.8        48543        61543      300      2.0    360.8
S0323        -1.0      5.5        30170        44528      300      2.0    154.7
S0336        -5.1      8.2        50424        63987      300      0.7    224.4
S0158        -6.8      8.4        31426        50610      300      0.8    231.2
S0042        -5.9      6.6        26760        42509      300      0.8    214.2
S0421        -1.7      4.6        28992        37827      300      1.3    242.1
S0019        -8.6      7.3        23642        34529      300      1.4    354.7
S0007        -5.0      7.6        41008        52025      300      1.4    135.9
S0181        -7.1      4.8        34935        49021      300      1.8    144.8
S0024        -4.2      1.2        40923        55934      300      1.8    208.1

// === Cluster 2 (12 stops, vol=16.0m3, center=(-7.21,-8.76)) ===
S0354        -9.2    -10.8        26619        38431      300      0.7     95.2
S0202        -7.6     -8.9        41607        61835      300      1.0    275.5
S0094        -8.2     -6.8        51772        63385      300      0.9    395.2
S0041        -6.7     -7.4        26076        45875      300      0.9    188.0
S0317        -6.8    -11.6        53508        64800      300      2.1    181.2
S0374        -8.8     -7.2        27460        41591      300      0.8    388.6
S0089        -9.0     -6.7        29176        37735      300      0.8    178.0
S0343       -13.7    -12.5        39832        52861      300      0.8    191.9
S0321        -6.6    -10.3        42950        50671      300      2.2    139.4
S0001        -7.6    -10.1        41810        53230      300      2.7    100.4
S0256        -5.4     -6.8        57576        64800      300      1.4    263.7
S0352         3.1     -6.0        45880        53592      300      1.7    206.9

// === Cluster 3 (12 stops, vol=16.0m3, center=(-0.66,-6.79)) ===
S0347         0.7     -9.3        57360        64800      300      0.9    206.1
S0271        -3.7     -5.3        47660        57667      300      2.1    349.3
S0192         1.4     -7.3        22557        42788      300      1.5    148.5
S0070        -1.3     -9.6        46997        64800      300      0.6    365.7
S0180        -0.9     -8.2        36517        44926      300      0.6    145.2
S0366         0.2     -6.6        27225        47156      300      0.6    367.7
S0174        -2.5     -5.7        41934        52481      300      0.6    172.3
S0333         1.4     -8.8        35741        43076      300      1.3    302.7
S0126        -4.1     -1.7        46642        56873      300      1.3    192.7
S0406        -1.6     -4.9        25175        42477      300      2.7    287.7
S0140         2.3     -2.1        49999        64800      300      1.4     76.5
S0136         0.2    -12.0        37161        54859      300      2.4    263.8

// === Cluster 4 (10 stops, vol=15.7m3, center=(8.79,3.59)) ===
S0442         8.8      4.0        52472        64800      300      0.7    235.0
S0430         4.0      2.9        49827        57843      300      0.7     68.0
S0384        10.0      3.3        57296        64800      300      0.8    393.9
S0109         7.5      2.0        41312        61360      300      2.9     79.9
S0378         8.3      3.7        51548        64800      300      2.1    280.3
S0191        10.0      5.0        21675        29042      300      2.3    376.4
S0404        11.9      4.6        57581        64800      300      2.2    100.9
S0114        10.5      3.3        45352        57724      300      1.0    346.3
S0399         7.9      5.4        33071        40925      300      1.8    321.7
S0226         9.0      1.7        45995        63063      300      1.2    147.7

// === Cluster 5 (10 stops, vol=15.4m3, center=(18.81,7.70)) ===
S0147        18.6      7.7        32355        53612      300      2.5    168.8
S0210        18.4     11.5        44143        64800      300      2.0    392.5
S0211        17.5      8.1        35314        46624      300      0.5     71.3
S0418        18.1      8.0        44408        63757      300      0.6    247.2
S0023        17.9      3.1        29136        50722      300      0.6    315.7
S0425        19.3      4.5        31768        48607      300      1.9     93.7
S0283        19.7      8.9        29886        51287      300      2.4    243.0
S0286        19.6      7.0        37063        56090      300      2.3    192.5
S0415        19.3      8.9        55422        64800      300      1.4    229.2
S0135        19.7      9.3        32087        50858      300      1.2    327.3

// === Cluster 6 (10 stops, vol=15.6m3, center=(8.25,8.36)) ===
S0304         9.3     10.9        56073        64800      300      0.8    318.4
S0102         8.3      5.5        29704        38000      300      2.8    165.3
S0351         5.7      6.0        56803        64800      300      2.2    324.9
S0419         6.1     11.3        43541        63010      300      1.6    235.1
S0104         6.9      6.1        43855        60864      300      1.6    397.4
S0275         9.9      5.4        28254        36979      300      0.6     67.5
S0164         8.6      9.6        40539        48633      300      1.9    399.0
S0026         9.1     10.5        26263        46698      300      1.2    152.6
S0048         7.2     11.7        51277        61465      300      1.5     79.7
S0220        11.4      6.6        28696        39790      300      1.4     55.5

// === Cluster 7 (10 stops, vol=15.3m3, center=(6.39,18.56)) ===
S0259         6.4     17.8        46217        64800      300      2.8    154.3
S0078         7.1     19.3        42465        58083      300      0.6     71.6
S0101         8.7     17.4        29491        50521      300      1.7    149.4
S0273         8.4     18.3        50913        64800      300      2.2    263.7
S0280         4.9     18.4        30855        51422      300      0.8    131.1
S0410         2.9     19.9        44711        55628      300      1.3    347.8
S0441         3.5     19.2        30659        40235      300      1.4    341.6
S0261         7.1     18.0        54200        64800      300      1.4    251.9
S0059         6.8     19.3        55600        64800      300      1.5    292.2
S0199         8.1     18.0        51405        59489      300      1.6    118.3

// === Cluster 8 (10 stops, vol=15.8m3, center=(3.32,14.59)) ===
S0322         3.4     14.6        39410        56834      300      3.0     97.0
S0405         3.6     16.3        22257        36344      300      1.0    230.7
S0400         3.3     13.0        39344        56596      300      0.5    364.6
S0396         4.5     15.2        56180        64800      300      2.6    142.1
S0339         1.7     13.5        38246        55717      300      2.1    216.7
S0310         2.8     17.5        32051        43270      300      2.4    289.8
S0054         2.4     13.8        22374        34985      300      0.6    387.8
S0046         2.7     15.0        30567        37795      300      1.2    196.2
S0251         4.7     14.0        30063        42919      300      1.2    303.4
S0217         4.1     13.0        37049        50374      300      1.2    153.1

// === Cluster 9 (10 stops, vol=15.6m3, center=(-9.50,17.81)) ===
S0318       -10.1     19.9        48922        59236      300      2.6     65.9
S0122       -10.2     19.5        49888        64800      300      2.0    157.5
S0154        -9.0     20.0        44314        53390      300      0.6    149.2
S0186        -6.3     15.2        50650        64800      300      0.9    122.3
S0044        -8.8     16.8        39587        53586      300      1.7    398.5
S0060       -12.8     18.2        45287        52919      300      1.9     91.8
S0151        -3.5     18.8        35277        52642      300      1.9    240.1
S0169        -9.7     18.9        26174        44603      300      1.3     73.5
S0125       -12.6     15.6        21981        32762      300      1.2    387.0
S0165       -12.0     15.2        28538        38455      300      1.5    298.9

// === Cluster 10 (10 stops, vol=16.0m3, center=(-5.48,11.46)) ===
S0348        -4.9     11.8        39867        59050      300      0.9    148.2
S0383        -4.1      9.6        51443        64800      300      0.8    381.9
S0047        -5.4     10.8        24572        36633      300      1.2    330.6
S0121        -7.0     14.3        36692        49320      300      1.9    200.6
S0263        -3.6     11.6        47696        55031      300      2.2    192.9
S0288        -4.9      8.9        56404        64313      300      2.5    146.4
S0356        -5.5      9.4        29573        49162      300      0.6    355.1
S0043        -7.4     12.0        48047        64800      300      1.3    380.4
S0326        -6.3     15.1        52939        64800      300      2.9    227.5
S0137        -5.7     11.1        57250        64800      300      1.7    262.9

// === Cluster 11 (10 stops, vol=15.5m3, center=(-13.14,7.13)) ===
S0440       -12.4      7.7        35800        53656      300      0.7    197.9
S0367       -10.8      9.9        43862        64275      300      2.7    268.4
S0349       -13.0      7.4        50522        64800      300      2.6    295.5
S0068       -16.2      6.7        37324        58019      300      2.5    294.1
S0161       -11.6      4.2        33060        41896      300      0.6    392.1
S0029       -15.8      6.3        34552        50649      300      0.8    399.3
S0133       -11.5      9.8        55650        64800      300      0.9     69.6
S0282       -16.2      7.1        24447        41102      300      1.9    190.2
S0409       -14.9      4.4        39427        56131      300      1.6    149.7
S0358        -9.0      7.8        26255        40899      300      1.2    142.6

// === Cluster 12 (10 stops, vol=16.0m3, center=(-18.49,-7.80)) ===
S0346       -19.5     -7.8        28311        43386      300      1.0     97.1
S0355       -19.2     -8.6        45321        56001      300      0.9    366.2
S0224       -15.9     -5.4        25856        35695      300      0.9    214.0
S0156       -16.9     -7.7        55687        64800      300      0.8    354.3
S0289       -18.9     -6.6        53871        64800      300      0.5    164.7
S0276       -17.6     -5.7        32998        42182      300      2.6    352.0
S0036       -20.0     -9.1        23511        31329      300      2.9    184.0
S0111       -19.1     -9.8        44252        64347      300      1.8    332.1
S0003       -18.8     -7.4        35201        55578      300      1.8    216.8
S0375       -19.0     -9.9        46914        64319      300      2.8    235.9

// === Cluster 13 (10 stops, vol=15.7m3, center=(-18.32,-13.02)) ===
S0187       -17.0    -13.2        45384        58007      300      0.8    133.5
S0005       -16.9    -11.8        23678        32885      300      0.8    250.6
S0034       -17.7    -10.4        54714        64511      300      0.8    192.6
S0057       -16.7    -14.3        38537        59817      300      0.7     91.5
S0372       -18.9    -14.8        37871        49048      300      0.9    204.4
S0084       -18.8    -14.2        28366        43971      300      2.7    127.9
S0379       -17.6    -11.1        44147        61667      300      2.5    231.3
S0245       -19.7    -14.2        51155        64800      300      2.6    167.0
S0363       -20.0    -12.8        36950        50190      300      2.1    257.1
S0045       -19.9    -13.4        40031        48447      300      1.8    324.5

// === Cluster 14 (10 stops, vol=17.4m3, center=(-14.50,-15.34)) ===
S0083       -14.9    -19.3        25072        41943      300      0.8     73.6
S0208       -17.0    -16.4        39320        60245      300      1.2    249.8
S0134       -14.9    -15.7        41438        61213      300      0.8     91.9
S0340       -15.6    -14.3        53593        64800      300      1.0    305.6
S0311       -15.6    -13.2        33217        44819      300      1.3     51.7
S0206       -17.6    -18.5        23473        36457      300      2.6    355.8
S0391        -1.8     -1.5        41916        54593      300      2.6    254.4
S0388       -17.0    -17.3        50955        64181      300      2.4    297.8
S0106       -12.9    -17.8        44236        54766      300      2.4    158.9
S0214       -17.7    -19.4        55250        64800      300      2.3    289.6

// === Cluster 15 (10 stops, vol=16.0m3, center=(-2.17,-17.36)) ===
S0330        -2.8    -17.6        28769        36214      300      0.7    263.6
S0091        -2.0    -16.7        23347        31527      300      0.9    103.8
S0197        -6.0    -17.9        35259        46664      300      2.1    379.8
S0329        -1.6    -17.5        23487        43281      300      1.5    110.0
S0413        -2.2    -16.2        46248        64800      300      0.5    229.5
S0244        -2.5    -19.3        21928        35483      300      2.2    170.3
S0309        -4.3    -18.9        44212        54238      300      2.2    181.2
S0300         4.7    -14.8        23973        42985      300      1.3    202.9
S0022        -0.6    -17.4        26778        37405      300      1.8    341.9
S0139        -4.4    -17.3        42632        53986      300      2.8    289.2

// === Cluster 16 (10 stops, vol=15.5m3, center=(5.20,-18.25)) ===
S0292         3.0    -19.2        25761        44077      300      0.7    281.5
S0038         1.5    -18.0        47748        57334      300      2.6    239.4
S0052         6.3    -17.1        22913        31851      300      0.5    134.3
S0411         5.7    -17.4        44094        60850      300      1.8     95.3
S0312         4.8    -18.7        28479        43511      300      1.6     52.4
S0436         5.5    -18.3        44756        56218      300      1.6    156.3
S0376         3.8    -17.1        54083        62572      300      1.6    377.1
S0325         7.3    -18.3        56537        64800      300      1.3     53.0
S0398         7.6    -19.4        44121        64759      300      1.9    232.5
S0254         6.5    -19.0        42447        53482      300      1.9    221.3

// === Cluster 17 (10 stops, vol=15.5m3, center=(11.80,-17.15)) ===
S0394        10.2    -18.3        32338        46070      300      2.5    371.6
S0361         9.7    -14.1        42346        54023      300      2.1    213.6
S0155        11.1    -19.5        28975        37623      300      0.8    292.3
S0305        12.8    -17.9        52906        64458      300      0.8    282.8
S0357        12.0    -16.8        51432        59818      300      0.6    258.5
S0141        12.3    -15.6        24058        35250      300      1.2    366.5
S0171        10.2    -15.0        52393        60802      300      1.9     84.3
S0190        12.9    -19.0        26508        37174      300      1.9     71.0
S0284        15.2    -18.0        29001        43664      300      1.4    206.8
S0230        11.6    -17.3        26986        44571      300      2.3    292.2

// === Cluster 18 (10 stops, vol=17.2m3, center=(9.63,-3.64)) ===
S0260        12.3     -3.5        46404        58620      300      0.9    315.8
S0307        12.2     -3.3        29234        47660      300      1.3    284.9
S0338         9.9     -2.9        42387        61834      300      1.0    259.8
S0080         8.7     -3.4        40890        57683      300      0.6    353.2
S0010        10.9     -3.2        55256        64800      300      1.9    202.5
S0115        15.4     -4.6        52074        64800      300      2.4    343.5
S0105         0.6     -2.2        54595        64800      300      2.4    117.2
S0008        14.5     -3.8        34444        54245      300      2.1    180.5
S0090        14.1     -5.9        45869        60569      300      2.3    286.9
S0061        -2.3     -3.6        31395        47293      300      2.3    292.0

// === Cluster 19 (9 stops, vol=15.6m3, center=(8.32,-0.51)) ===
S0213         7.2     -2.9        35704        50827      300      0.8     64.0
S0395        10.4     -0.1        51226        64800      300      2.7    273.5
S0287        10.1      0.5        54197        63136      300      2.6    308.1
S0075         7.5      1.0        57451        64800      300      1.6    345.9
S0332         6.9     -3.0        51434        59966      300      0.6    226.8
S0066         7.4     -0.7        53188        61435      300      1.8    345.4
S0420         8.0     -0.2        39625        49885      300      1.8    170.5
S0434         9.7     -0.6        47218        63208      300      1.3    109.6
S0013         7.7      1.4        40057        61329      300      2.4    278.2

// === Cluster 20 (9 stops, vol=17.7m3, center=(12.13,4.97)) ===
S0270        16.1      4.0        46422        64800      300      2.2     54.4
S0389        13.5      6.2        44544        55105      300      1.3    337.4
S0049        12.1      8.5        36754        53926      300      0.8    364.9
S0103        11.6      8.6        28624        48161      300      2.1    233.6
S0228        12.4      7.1        54078        64800      300      1.1     60.5
S0403        13.9      2.5        44363        57718      300      2.0    318.1
S0431        14.9      3.3        50931        59214      300      2.8    227.7
S0258        12.6      5.4        47146        63998      300      2.6    323.7
S0219         2.1     -0.9        53480        64800      300      2.8    113.5

// === Cluster 21 (9 stops, vol=15.9m3, center=(8.49,14.59)) ===
S0178         6.8     13.9        43449        50897      300      1.5    251.5
S0424         7.9     13.1        22574        36760      300      2.9    229.1
S0353        10.4     17.0        54611        64800      300      1.3     95.3
S0177         6.7     14.9        51461        64800      300      2.2    142.5
S0433         9.7     11.4        42881        59013      300      2.1    356.1
S0221         8.3     15.1        36459        44307      300      1.2    274.6
S0274         9.4     14.2        48469        64800      300      1.2     95.9
S0203         7.9     16.7        51905        61873      300      1.8    272.4
S0345         9.3     15.0        35371        51136      300      1.7     70.2

// === Cluster 22 (9 stops, vol=15.3m3, center=(-1.57,17.67)) ===
S0053        -2.2     14.0        29452        45977      300      2.9    379.0
S0342        -5.2     18.0        48930        64800      300      2.6    194.7
S0097        -1.2     17.1        47582        64800      300      0.6    359.1
S0267        -0.5     17.6        55960        64001      300      2.4    378.5
S0167        -0.9     18.6        56545        64800      300      0.8    252.4
S0032        -2.7     18.5        35880        46878      300      1.3     78.6
S0130        -2.5     18.3        47843        61867      300      1.1     52.2
S0223        -0.4     19.4        35955        52378      300      1.5    227.6
S0195         1.5     17.5        55380        63178      300      2.1    153.8

// === Cluster 23 (9 stops, vol=15.6m3, center=(-5.69,-0.14)) ===
S0014        -6.6     -0.0        29718        46427      300      0.7    276.4
S0239        -1.5      2.4        32832        43353      300      0.8    264.2
S0291        -5.3     -1.2        27482        44671      300      2.9    248.1
S0092        -5.9      0.7        56055        64800      300      2.7    197.4
S0067        -8.7     -0.5        28929        47713      300      2.3    244.5
S0229        -7.3     -0.1        34181        54564      300      0.9    246.5
S0051        -6.2     -1.4        50133        62779      300      1.7    337.9
S0074        -5.5      0.5        55055        64800      300      1.8    294.5
S0124        -4.2     -1.7        55895        64800      300      1.8    130.8

// === Cluster 24 (9 stops, vol=16.0m3, center=(-15.82,15.47)) ===
S0308       -17.0     17.1        43755        54925      300      1.1    344.9
S0118       -12.6     15.5        24661        40062      300      1.5    297.1
S0423       -18.4     18.0        47198        61630      300      2.5     77.1
S0293       -16.7     15.8        37972        57119      300      2.5    231.2
S0006       -14.9     12.8        51093        61095      300      0.6    154.8
S0175       -15.9     12.6        30951        47097      300      2.9    322.7
S0017       -16.6     15.9        56082        64800      300      1.4    131.5
S0344       -13.3     15.6        27667        35463      300      1.8    358.8
S0025       -17.0     15.9        34118        48462      300      1.7     63.8

// === Cluster 25 (9 stops, vol=15.6m3, center=(-17.66,9.76)) ===
S0018       -17.6      9.2        42801        58228      300      0.8    207.5
S0160       -18.7     10.8        37565        47357      300      2.7     76.0
S0426       -18.6      7.1        34828        53688      300      2.0    275.2
S0163       -16.6      7.7        34897        52889      300      1.0    167.6
S0369       -17.3      9.5        33227        49184      300      1.7    370.7
S0407       -14.0     10.8        35039        48025      300      1.1    384.6
S0314       -19.4     11.0        22776        43027      300      2.4    127.0
S0085       -18.6     10.0        31113        49369      300      2.4    293.3
S0172       -18.1     11.7        41811        62111      300      1.5    234.6

// === Cluster 26 (9 stops, vol=15.6m3, center=(-14.74,2.49)) ===
S0234       -13.5      4.2        38396        57571      300      3.0    346.2
S0334       -15.4      3.9        49251        64800      300      0.8    363.6
S0341       -13.3      2.2        39865        48058      300      2.7    164.5
S0196       -17.0      3.4        25841        45746      300      2.3     67.9
S0386       -14.5      1.4        48275        64800      300      0.9    360.2
S0212       -12.9      2.1        41298        60813      300      1.0    319.5
S0215       -15.4     -0.0        37967        57218      300      1.1    167.2
S0116       -15.5      2.1        47171        62361      300      2.4    151.6
S0002       -15.2      3.1        52318        64800      300      1.4    152.3

// === Cluster 27 (9 stops, vol=15.9m3, center=(-13.41,-9.07)) ===
S0144       -14.4     -9.2        52209        64800      300      0.7     66.5
S0417       -12.8    -12.7        34668        55861      300      2.5    157.6
S0142       -13.6    -10.0        24405        38291      300      2.5    350.2
S0093       -10.2    -10.6        44559        52061      300      2.9    334.0
S0218       -14.7     -8.0        44513        64800      300      1.3    129.4
S0439       -10.7     -8.5        54223        63371      300      1.3     73.6
S0227       -12.3    -10.4        44007        60988      300      2.1    261.2
S0299       -15.1     -5.7        32213        51040      300      1.2    163.5
S0315       -16.9     -6.5        29427        42806      300      1.4    339.9

// === Cluster 28 (9 stops, vol=15.3m3, center=(14.73,-13.26)) ===
S0393        14.8    -15.7        38482        55201      300      3.0    299.5
S0294        13.8     -8.6        30568        46507      300      2.7    326.0
S0127        14.1    -12.6        47948        63291      300      0.5    196.4
S0040        14.7    -12.8        23329        38382      300      0.7    121.5
S0236        17.3    -12.6        41308        60777      300      0.7    113.3
S0146        15.4    -15.4        57442        64800      300      1.7    223.7
S0362        16.1    -14.9        36078        51797      300      1.6     93.2
S0438        15.0    -12.9        52701        64800      300      2.0    160.1
S0402        11.4    -13.8        44458        59224      300      2.4    370.2

// === Cluster 29 (9 stops, vol=15.7m3, center=(18.20,-15.99)) ===
S0076        18.9    -14.7        54407        64800      300      0.8    319.0
S0350        17.4    -17.5        41319        52744      300      2.6    182.1
S0162        17.1    -17.9        48888        58269      300      2.6    383.6
S0368        19.5    -17.4        29050        40128      300      1.0    167.0
S0303        17.2    -15.7        24612        33910      300      1.0    139.2
S0072        18.0    -16.7        53506        63052      300      2.4    112.4
S0128        16.8    -14.2        37666        48093      300      1.6     80.6
S0247        19.7    -14.8        52492        59972      300      1.9     87.1
S0328        19.2    -15.0        33759        49456      300      1.8    296.2

// === Cluster 30 (9 stops, vol=15.5m3, center=(9.18,-10.53)) ===
S0108         9.6    -15.0        24747        45677      300      3.0    331.3
S0373         7.7    -12.1        22649        38244      300      2.9    353.4
S0233         9.4     -8.0        28973        37829      300      2.8    349.7
S0050         9.8    -10.0        32432        52944      300      0.6    240.2
S0028         7.1     -8.1        27559        43759      300      1.0    209.2
S0112        10.0    -11.3        51899        64274      300      1.0    393.0
S0278        10.8     -8.6        54230        64800      300      1.3    297.9
S0009         7.9    -12.0        37396        47810      300      1.4    389.4
S0428        10.3     -9.7        27450        45904      300      1.5    290.2

// === Cluster 31 (9 stops, vol=16.0m3, center=(2.82,2.30)) ===
S0380         1.6      4.1        49404        56636      300      0.9    159.0
S0201         3.1      1.8        25335        43294      300      1.9     51.0
S0437         6.6      2.1        25858        41017      300      1.5     93.7
S0027         5.6      2.2        27539        48212      300      1.5    205.2
S0088         1.6      6.0        51749        64800      300      1.5    151.4
S0153         1.5     -2.8        30270        48431      300      2.7    284.5
S0207         2.5      4.0        56254        64800      300      1.4    211.9
S0077        -1.1      4.5        47415        63178      300      1.8    279.7
S0331         4.0     -1.2        22026        42831      300      2.8     73.5

// === Cluster 32 (9 stops, vol=16.0m3, center=(18.67,-2.01)) ===
S0063        19.4     -4.8        28410        44291      300      2.1    172.7
S0364        19.7     -2.9        44431        61057      300      2.1    324.7
S0414        17.8      2.5        51535        64800      300      0.8    161.4
S0188        18.1     -5.1        23463        37440      300      1.2    122.8
S0170        19.7     -1.9        35848        49397      300      1.9    181.4
S0087        19.8     -2.4        30840        48258      300      1.5    372.5
S0098        18.2     -4.3        26461        43659      300      2.3    287.8
S0100        17.6      1.3        43737        57346      300      2.4     95.3
S0185        17.7     -0.5        27381        46616      300      1.7    184.5

// === Cluster 33 (8 stops, vol=16.0m3, center=(15.20,9.18)) ===
S0242        18.5      7.1        57251        64800      300      3.0    322.9
S0107        13.9      9.5        51070        64800      300      2.0    124.9
S0337        16.0     11.3        54232        64800      300      1.6    391.5
S0248        14.6      8.0        44491        51706      300      1.6    105.2
S0427        15.8      8.5        39988        58235      300      0.8     97.6
S0435        16.3     10.9        30172        51630      300      1.9    178.9
S0360        15.2      8.2        45134        52755      300      2.5    119.9
S0240        11.3      9.9        26538        36396      300      2.6    340.7

// === Cluster 34 (8 stops, vol=15.9m3, center=(13.00,15.30)) ===
S0004        13.3     16.5        39227        54622      300      3.0    286.6
S0145        13.8     12.4        42801        60236      300      1.1    110.6
S0058        17.1     13.7        49471        64800      300      0.6    358.5
S0149        13.1     15.3        48143        64800      300      1.3    187.1
S0182         7.7     15.8        57068        64800      300      2.8    289.2
S0266        12.3     16.9        25447        45725      300      2.7    176.1
S0015        13.7     15.1        46237        56036      300      2.7    238.1
S0371        13.0     16.7        54489        64800      300      1.7    272.4

// === Cluster 35 (8 stops, vol=15.0m3, center=(1.66,10.53)) ===
S0385         1.3     14.2        37269        50954      300      2.8    289.1
S0365         3.4     12.0        30383        51496      300      2.7    142.4
S0157         3.4      8.4        26379        44209      300      2.6    374.7
S0198         2.0      6.6        57423        64800      300      0.8    146.6
S0324         0.0     12.7        54103        64800      300      1.1    370.6
S0039         0.8      6.8        43501        57625      300      1.7    364.5
S0120         0.5     12.8        42549        56452      300      1.7    343.6
S0422         1.9     10.7        22142        30017      300      1.6    224.3

// === Cluster 36 (8 stops, vol=15.9m3, center=(-0.11,2.68)) ===
S0319         1.1      3.6        57230        64800      300      1.0    354.3
S0132        -1.3      2.5        54398        62239      300      1.0    305.0
S0152         0.4      2.9        38464        48464      300      2.6    278.3
S0290        -1.5     -4.3        29463        38551      300      2.8    380.5
S0390        -2.3      4.7        51509        62525      300      2.7     52.8
S0031         1.5      5.3        23865        45122      300      2.4    353.9
S0255         1.4      4.2        23031        43145      300      1.6    256.2
S0123        -0.2      2.5        27358        45608      300      1.8     75.9

// === Cluster 37 (8 stops, vol=15.8m3, center=(-9.49,13.74)) ===
S0086        -8.5     12.6        36388        48510      300      0.5    328.4
S0302        -7.6     16.6        22071        33115      300      2.6    369.6
S0316       -10.6     12.5        43242        62822      300      2.7    308.8
S0081       -10.8     15.4        48599        64800      300      2.2    338.4
S0370        -9.9     14.5        47327        64800      300      2.3    387.4
S0253        -8.3     15.1        46717        58974      300      2.4    122.9
S0117        -9.9     13.7        55743        64800      300      1.6    100.4
S0096       -10.3      9.5        37898        46050      300      1.5    275.7

// === Cluster 38 (8 stops, vol=16.0m3, center=(-7.46,-3.31)) ===
S0119        -8.5     -1.2        47337        64800      300      3.0    156.3
S0243        -7.8     -5.0        22344        41913      300      0.9    297.1
S0138        -8.5     -2.2        41695        50145      300      0.8    352.8
S0416        -6.0     -1.8        44493        58480      300      2.9    260.8
S0200        -7.0     -6.4        26016        41025      300      1.4    172.6
S0432        -7.8     -3.0        46043        64800      300      1.8    299.5
S0225        -8.7     -2.6        38815        55644      300      2.8    278.7
S0429        -5.4     -4.3        50726        64800      300      2.4     90.5

// === Cluster 39 (8 stops, vol=15.7m3, center=(-6.40,2.39)) ===
S0320        -6.3      4.3        29476        44502      300      2.5    139.6
S0065        -5.7      1.8        41466        50301      300      2.5     77.3
S0382        -7.8      2.9        30094        48070      300      2.6     63.5
S0295        -7.5      1.9        39430        46710      300      2.3     98.9
S0113        -6.2      2.8        37153        47808      300      1.6    268.5
S0168        -6.2      4.1        56686        64800      300      1.3    297.0
S0069        -5.4      0.1        54574        64800      300      1.4    399.5
S0159        -6.1      1.2        40350        48179      300      1.5    183.3

// === Cluster 40 (8 stops, vol=16.0m3, center=(-10.81,-0.66)) ===
S0296       -11.6     -0.9        48317        60035      300      2.0    355.3
S0238       -10.1      3.0        28287        39212      300      2.1     53.9
S0033        -8.1      1.2        44491        51979      300      1.5    141.6
S0012        -9.5     -0.6        49823        64800      300      0.5    227.3
S0313       -11.7      1.5        34675        51780      300      2.5    349.7
S0249       -12.0      0.1        43082        53143      300      2.8    146.4
S0231       -10.8     -2.2        45213        53616      300      2.3    167.0
S0184       -12.7     -7.4        23816        34195      300      2.3    312.8

// === Cluster 41 (8 stops, vol=15.4m3, center=(-9.89,-13.23)) ===
S0222       -12.5    -14.7        55921        64800      300      2.8    135.7
S0252        -9.9    -15.0        23128        33736      300      2.5    245.5
S0173        -8.5    -12.6        38821        49295      300      0.6    346.8
S0110       -10.7    -13.3        26310        41342      300      1.8    268.0
S0387        -7.0    -15.4        33448        53906      300      1.8    175.6
S0335       -10.3    -10.6        41767        59920      300      1.7    299.6
S0095       -10.8    -10.9        57398        64800      300      1.9    358.7
S0269        -9.4    -13.3        22669        43663      300      2.3    387.7

// === Cluster 42 (8 stops, vol=16.0m3, center=(-8.00,-18.28)) ===
S0189        -8.9    -18.7        27739        43621      300      1.2    287.5
S0262       -11.0    -19.8        34024        45006      300      1.5    373.7
S0021        -8.5    -18.9        25449        44199      300      2.2     66.9
S0246        -4.8    -13.5        35051        56188      300      1.3    308.4
S0020        -5.9    -19.7        33468        43280      300      2.8    107.2
S0401        -9.8    -17.6        55460        64800      300      2.3    212.8
S0377        -6.9    -18.0        38961        47776      300      2.3    310.9
S0301        -8.2    -20.0        38620        57275      300      2.4    360.4

// === Cluster 43 (8 stops, vol=16.0m3, center=(-1.45,-13.71)) ===
S0397        -1.1    -11.1        30418        44872      300      0.7    198.2
S0298        -0.0    -17.2        22825        30329      300      3.0    348.5
S0257         1.0    -11.1        40941        53253      300      1.6    304.4
S0359         0.4    -12.5        24188        34331      300      0.9    161.3
S0131        -3.9    -15.0        48380        64800      300      2.9    230.9
S0129        -3.0    -15.1        32822        45147      300      2.7    305.5
S0035        -2.0    -15.9        26329        44878      300      1.4    363.8
S0381        -3.0    -11.8        30192        39872      300      2.8    351.1

// === Cluster 44 (8 stops, vol=15.9m3, center=(5.85,-13.24)) ===
S0148         4.9    -15.2        46240        54541      300      0.9    256.8
S0277         5.4    -11.5        30887        40556      300      1.5    178.2
S0444         6.2    -14.0        29422        44967      300      2.5     84.2
S0079         4.9    -10.5        36166        45653      300      0.6    157.7
S0150         5.6    -16.9        38807        46182      300      2.9    372.2
S0176         4.2     -9.7        56378        64800      300      2.9    241.3
S0443         9.0    -15.8        53712        64800      300      2.8    166.1
S0279         6.6    -12.3        57053        64800      300      1.8    348.7

// === Cluster 45 (8 stops, vol=15.9m3, center=(15.96,-6.50)) ===
S0297        14.9     -6.5        30578        39679      300      0.5    226.3
S0250        16.6     -8.5        30637        49996      300      2.6    312.8
S0392        15.5     -8.8        50888        64800      300      1.3    183.0
S0265        15.2     -6.5        55585        63184      300      2.8    376.2
S0306        16.9     -4.6        54341        64399      300      2.2    192.4
S0143        16.7     -9.7        24572        34438      300      2.4    125.6
S0327        16.3     -4.7        21600        34477      300      2.4    191.3
S0216        15.6     -2.7        43051        57483      300      1.7    398.6

// === Cluster 46 (7 stops, vol=16.0m3, center=(11.06,12.13)) ===
S0264        11.4     12.9        27591        47436      300      3.0    222.2
S0204        12.0     12.4        32088        42558      300      2.6    153.3
S0237        11.0     12.5        47886        64573      300      1.3    274.4
S0037         8.9     11.8        41937        57194      300      2.9    232.8
S0232        13.2     12.0        38046        59468      300      1.4    386.5
S0209         9.8     12.9        45119        61533      300      2.4    236.4
S0011        11.1     10.4        48394        56158      300      2.4    125.5

// === Cluster 47 (7 stops, vol=15.2m3, center=(14.37,18.94)) ===
S0205        14.5     19.2        52481        64800      300      2.8    292.3
S0281        14.2     19.4        28328        46251      300      2.7    168.0
S0099        12.8     18.8        51991        63572      300      2.5    193.8
S0073        18.6     18.5        44737        63720      300      2.4    324.4
S0062        12.0     18.9        57409        64800      300      2.2    221.0
S0268        16.4     18.6        53537        64800      300      1.3    181.6
S0064        12.1     19.2        46647        64800      300      1.3    146.3

// === Cluster 48 (7 stops, vol=14.6m3, center=(-18.00,-1.06)) ===
S0071       -17.3     -2.1        39565        59249      300      3.0    313.2
S0285       -19.1     -2.2        42032        56261      300      2.6    224.6
S0241       -19.2     -5.0        41501        58562      300      2.5    268.2
S0235       -19.5      0.5        33457        43698      300      2.1    112.6
S0055       -15.6     -0.4        31163        39639      300      2.0    246.5
S0016       -18.3      1.5        42452        61285      300      1.5    178.8
S0412       -17.0      0.3        24173        37435      300      0.9    158.9

// === Cluster 49 (7 stops, vol=15.7m3, center=(5.30,-4.39)) ===
S0056         9.6     -1.7        23634        42378      300      2.9     52.7
S0179         4.1     -4.4        43547        62854      300      2.8    113.1
S0193         5.9     -6.9        48775        62408      300      2.5     79.4
S0082         3.2     -6.0        41261        53085      300      2.4    143.8
S0183         3.3     -2.4        36805        44663      300      1.7    246.6
S0272         4.8     -3.7        27407        45224      300      1.9    368.1
S0408         6.2     -5.6        54576        64800      300      1.5    132.8
