S0429 -11.7000 12.9000 45031 63955 300 1.1000 224.7000
S0312 -13.0000 14.0000 49913 61895 300 1.3000 315.6000
S0253 -12.9000 13.8000 53337 64800 300 1.3000 53.2000
S0160 -16.3000 10.2000 40925 54691 300 0.8000 338.7000
S0402 -13.9000 12.2000 28673 48009 300 0.8000 293.8000
S0244 -11.9000 11.1000 28858 37416 300 1.0000 270.6000
S0283 -11.6000 13.7000 31285 48283 300 1.6000 277.9000
S0080 -10.7000 11.4000 56363 64800 300 2.9000 396.5000
S0150 -12.2000 11.0000 27654 37501 300 2.7000 157.3000
S0236 -14.8000 9.5000 50763 62609 300 2.2000 212.8000
