S0355 16.7000 -15.2000 49346 64800 300 0.6000 103.7000
S0118 14.9000 -16.2000 43826 60691 300 0.7000 143.8000
S0428 13.1000 -16.8000 40860 55589 300 1.5000 150.2000
S0314 15.2000 -14.8000 44512 57304 300 1.7000 293.0000
S0410 14.0000 -15.7000 27609 43312 300 2.6000 104.0000
S0269 15.2000 -13.4000 53000 64800 300 2.1000 260.7000
S0207 13.7000 -14.4000 54349 64800 300 2.9000 170.8000
S0425 10.4000 -14.3000 34678 52273 300 1.6000 250.7000
S0435 10.7000 -13.9000 40502 59040 300 1.3000 100.1000
S0364 0.2000 1.4000 47856 55558 300 2.4000 289.9000
