S0384 10.6000 19.6000 41856 60061 300 1.1000 399.0000
S0134 9.2000 16.2000 46427 54267 300 0.7000 351.8000
S0119 10.1000 19.1000 42829 53807 300 0.8000 226.5000
S0363 10.0000 19.8000 40812 58082 300 0.9000 94.0000
S0379 11.0000 17.4000 31303 46933 300 0.9000 96.9000
S0036 10.5000 17.1000 51870 63446 300 0.9000 155.4000
S0186 10.9000 16.6000 33345 41857 300 2.9000 117.0000
S0293 10.7000 18.9000 33163 46720 300 2.5000 264.2000
S0227 11.3000 16.9000 35480 48111 300 2.3000 396.5000
S0168 13.9000 19.5000 57337 64800 300 2.1000 230.5000
