S0103 -18.2000 14.9000 36392 49604 300 0.5000 100.7000
S0078 -14.8000 15.2000 31172 43086 300 0.7000 326.1000
S0394 -14.7000 14.4000 29251 44552 300 0.7000 85.8000
S0194 -15.6000 19.4000 34729 46331 300 1.9000 364.5000
S0043 -14.7000 13.6000 47407 59652 300 1.3000 227.1000
S0274 -16.7000 16.9000 38207 47870 300 1.2000 259.5000
S0180 -17.2000 14.1000 32708 52768 300 2.5000 344.5000
S0439 -12.7000 11.7000 24959 41989 300 2.6000 312.3000
S0389 -15.4000 17.5000 54943 64800 300 2.2000 376.1000
S0045 -16.2000 15.9000 39226 57675 300 2.3000 298.0000
