S0298 -0.0000 6.6000 33429 42847 300 1.0000 231.9000
S0218 1.9000 5.4000 23969 42087 300 1.0000 341.3000
S0246 3.3000 12.5000 31752 46726 300 1.4000 278.5000
S0025 1.7000 14.8000 34313 52106 300 1.6000 195.9000
S0213 0.1000 8.8000 51722 64249 300 0.9000 167.9000
S0076 -0.5000 10.3000 31033 38718 300 0.6000 135.5000
S0185 0.4000 14.4000 31961 42611 300 0.7000 226.1000
S0309 -0.2000 12.9000 32224 52514 300 2.5000 381.3000
S0292 1.3000 12.8000 48260 64800 300 1.7000 203.1000
S0346 1.6000 12.9000 51881 61735 300 1.8000 281.5000
S0141 0.6000 14.9000 30328 41778 300 2.4000 116.5000
