S0032 10.6000 -12.2000 49116 60985 300 0.5000 319.4000
S0300 13.1000 -7.5000 41877 59904 300 0.7000 173.1000
S0030 13.1000 -10.7000 55974 64800 300 0.8000 208.8000
S0335 12.7000 -9.2000 37380 52933 300 1.8000 193.3000
S0414 11.6000 -11.8000 51663 64800 300 1.6000 377.5000
S0383 11.6000 -12.0000 23357 37020 300 1.3000 214.4000
S0407 5.8000 -4.0000 46280 57110 300 1.3000 249.2000
S0023 12.4000 -8.5000 25284 39528 300 1.4000 318.4000
S0208 9.0000 -10.8000 24237 43873 300 1.2000 180.9000
S0282 13.5000 -11.2000 48449 64800 300 3.0000 321.9000
S0273 11.0000 -10.6000 31584 52356 300 2.4000 220.7000
