S0325 4.1000 -8.9000 35236 48261 300 1.1000 304.4000
S0053 1.1000 -7.2000 22231 32811 300 1.7000 247.2000
S0344 -2.4000 -11.9000 48621 58551 300 1.7000 143.4000
S0015 5.1000 -9.1000 25344 40451 300 1.0000 237.1000
S0416 4.8000 -8.9000 39366 47786 300 1.0000 278.3000
S0349 -1.7000 -11.2000 33943 54664 300 1.4000 279.1000
S0343 1.2000 -10.2000 51360 64800 300 1.2000 361.0000
S0320 3.1000 -6.3000 36846 55900 300 2.5000 277.9000
S0155 3.1000 -8.5000 37315 51160 300 2.3000 330.0000
S0310 2.3000 -10.1000 45655 64800 300 1.8000 192.9000
