S0540 20.0000 -12.6000 46514 64800 300 1.0000 297.1000
S0224 19.8000 -11.4000 32794 51775 300 0.9000 162.2000
S0708 18.5000 -12.3000 39415 59226 300 1.6000 304.2000
S0245 17.8000 -11.2000 51322 60704 300 0.7000 290.7000
S0372 15.1000 -14.1000 50004 64265 300 0.7000 152.1000
S0276 18.5000 -14.6000 29893 45014 300 2.2000 258.4000
S0024 18.9000 -12.5000 30086 49910 300 2.8000 231.2000
S0457 15.8000 -14.5000 22958 37055 300 2.7000 303.9000
S0456 -1.0000 -2.8000 25742 35580 300 2.7000 182.3000
S0440 18.0000 -15.3000 36885 51276 300 2.1000 181.4000
