//ID    X        Y        EarlyStart(s)    LateStart(s)    Svc(s)    Vol(m3) Wgt(kg)
// Source: 804_stop.txt | Clusters: 86
//----------------------------------------------------------

// === Cluster 1 (12 stops, vol=15.8m3, center=(2.32,-14.56)) ===
S0633         2.1    -16.0        28825        43848      300      2.7    355.4
S0462         3.1    -14.6        25944        42488      300      1.6     75.8
S0076         3.8    -15.2        49211        62317      300      1.7    190.2
S0784         2.9    -14.5        26166        47527      300      0.5    178.1
S0438         1.6    -16.6        23132        39431      300      0.5    311.3
S0391         2.8    -12.1        41475        56057      300      0.6    383.4
S0482         2.1    -13.3        30147        43926      300      1.2    136.0
S0789         1.2    -15.4        37570        56227      300      1.3     93.0
S0620        -1.0    -14.6        29125        41219      300      0.9    328.8
S0429         2.2    -16.2        34358        44888      300      0.8     95.0
S0353         1.3    -13.8        57368        64800      300      1.8    351.7
S0197         5.7    -12.4        26602        44772      300      2.2    151.8

// === Cluster 2 (12 stops, vol=15.5m3, center=(7.61,-13.17)) ===
S0189         7.5    -15.9        31623        40726      300      2.6    220.1
S0034         9.3    -13.3        55193        64800      300      1.4    273.0
S0289         6.0    -15.7        41754        49874      300      1.0    200.6
S0201         7.3    -14.7        27552        42210      300      1.2    214.3
S0069         8.6    -13.5        46266        54517      300      1.2    114.4
S0006         5.7    -12.1        38964        58118      300      0.9     80.3
S0097        10.4    -12.0        36381        48680      300      0.9    215.7
S0022         3.9     -8.1        54992        64800      300      0.5    125.6
S0475         6.7    -12.6        45989        57571      300      0.6    117.6
S0221        10.2    -15.9        48112        64800      300      1.6    197.2
S0332         7.1    -10.3        55291        64800      300      1.6    258.5
S0300         8.6    -13.9        23611        30901      300      2.0    145.1

// === Cluster 3 (12 stops, vol=15.8m3, center=(14.80,-0.56)) ===
S0470        12.5     -3.4        23450        38077      300      2.3    222.0
S0656        13.8      0.5        57296        64800      300      0.6    239.9
S0305        13.5      0.6        52944        64800      300      1.0    245.0
S0012        15.7     -2.0        42204        58639      300      1.0    306.9
S0161        12.3      0.8        27741        43815      300      1.0    300.5
S0724        15.4     -1.6        30170        43721      300      0.7    224.4
S0214        13.7     -1.3        43914        59843      300      0.7    247.2
S0780        17.0      0.3        23695        32126      300      1.4     81.1
S0398        16.2      0.1        49790        64800      300      1.7    163.0
S0337        16.2      0.5        31242        43287      300      1.7    267.5
S0324        15.4      0.1        47862        56165      300      1.8    284.8
S0468        15.9     -1.3        46597        57497      300      1.9    389.0

// === Cluster 4 (11 stops, vol=16.0m3, center=(11.57,14.95)) ===
S0112        10.3     16.7        29019        38493      300      1.3    177.2
S0143         9.8     16.8        53191        61582      300      1.3     74.9
S0513        10.9     15.3        43971        56726      300      1.6    268.7
S0212         8.9     15.3        33145        42458      300      1.1    216.9
S0247        14.5     14.9        29596        38018      300      1.2    223.5
S0083        11.3     14.2        34576        55059      300      1.2    258.0
S0220        12.5     14.1        29012        46100      300      1.4    307.4
S0343        14.6     15.5        48303        64800      300      2.0    188.9
S0124        10.3     15.3        57520        64800      300      2.0    311.9
S0586         9.7     10.5        40894        54438      300      2.0    196.2
S0014        14.5     15.8        33912        53075      300      0.9    352.2

// === Cluster 5 (11 stops, vol=16.0m3, center=(-3.92,11.55)) ===
S0746        -2.2     10.3        34037        45190      300      2.9    269.5
S0772        -0.5     12.5        29824        47968      300      3.0    247.2
S0291        -6.4     10.1        38285        48237      300      2.8    217.1
S0177        -4.2     13.4        47384        57559      300      1.6     82.1
S0530        -1.1      9.6        30188        37980      300      1.1    338.4
S0635        -4.8     14.9        40622        49681      300      0.6    178.7
S0418        -5.9     13.8        28458        40347      300      0.6    269.7
S0719        -5.1     10.1        38875        48641      300      0.6     88.3
S0481        -4.8     11.2        46224        62532      300      1.0    395.4
S0326        -5.0     11.2        42274        56253      300      0.9     51.4
S0798        -3.1     10.0        22164        38831      300      0.9     62.9

// === Cluster 6 (11 stops, vol=16.0m3, center=(-1.09,14.21)) ===
S0472        -1.7     13.4        52837        60926      300      2.2     83.1
S0531        -0.9     13.6        25430        34604      300      1.3    180.1
S0367        -1.3     11.3        33852        51281      300      0.8    159.3
S0701        -1.1     15.8        36772        52440      300      1.8     94.6
S0200         1.0     14.8        57059        64800      300      1.8    240.7
S0517        -0.8     14.0        44655        64800      300      1.8    326.0
S0344        -0.3     14.7        32828        49323      300      1.4    376.0
S0709        -0.1     14.3        32283        40372      300      1.4    197.0
S0757        -2.4     14.3        50123        57692      300      0.6    387.1
S0072        -4.4     14.6        48391        64800      300      2.0    170.2
S0498        -0.0     15.5        29288        38180      300      0.9    138.2

// === Cluster 7 (11 stops, vol=16.0m3, center=(-16.92,2.93)) ===
S0169       -16.3      2.6        41763        61827      300      2.9    376.7
S0114       -16.2      3.1        47391        64800      300      1.3     60.2
S0670       -16.0      3.1        56464        64800      300      1.1    149.1
S0491       -17.3      1.3        54985        64800      300      1.8     53.5
S0501       -16.9      4.2        38625        54734      300      1.9    283.8
S0046       -16.8      0.8        41958        62005      300      1.9    309.0
S0068       -17.6      5.6        25550        36341      300      0.7    126.2
S0588       -17.6      1.6        57571        64800      300      0.7    219.5
S0120       -15.6      3.8        21801        37657      300      0.6    369.7
S0605       -17.9      3.5        50296        64800      300      1.0    397.2
S0062       -17.9      2.6        41483        63068      300      2.1     79.0

// === Cluster 8 (11 stops, vol=16.0m3, center=(-3.85,-2.67)) ===
S0754        -4.8     -2.8        27960        42621      300      3.0    162.7
S0732        -5.9     -3.4        30342        50426      300      2.7    207.1
S0085        -2.4     -3.7        56514        64800      300      1.2    292.8
S0351        -3.1     -1.6        53992        64800      300      1.8    393.0
S0366        -2.5     -2.9        31937        45171      300      1.4    280.3
S0509        -4.0     -4.6        56311        64800      300      0.6     54.2
S0502        -0.8     -1.5        21673        40219      300      0.6    159.3
S0771        -4.6     -2.3        48543        57206      300      2.0     82.1
S0290        -5.2     -3.9        55938        64800      300      0.9    245.8
S0698        -5.4     -1.9        35846        47401      300      0.9     60.7
S0654        -3.6     -0.8        39703        49561      300      0.9    158.1

// === Cluster 9 (11 stops, vol=15.8m3, center=(-12.98,-5.55)) ===
S0750       -12.7     -5.5        29887        42357      300      2.7    143.4
S0607       -13.7     -4.7        31666        49153      300      1.6    277.8
S0441       -11.8     -4.8        29739        50687      300      1.6    141.6
S0589       -13.5     -5.9        43367        53962      300      1.5    380.7
S0739       -13.2     -5.6        45148        55935      300      0.5    326.0
S0210       -10.6     -4.1        55082        64800      300      0.5    147.4
S0002       -11.2     -5.4        45291        52589      300      1.0    127.4
S0655       -17.7     -8.3        53023        64800      300      1.3    236.3
S0775       -11.3     -4.2        45040        62951      300      0.8     59.8
S0171       -15.4     -7.7        29026        43172      300      2.5    254.0
S0659       -11.7     -4.9        38082        47210      300      1.8    330.3

// === Cluster 10 (11 stops, vol=16.0m3, center=(-7.39,-4.12)) ===
S0060        -6.5     -4.4        33961        52036      300      0.5    208.7
S0545        -8.1     -6.0        45675        58685      300      2.2    370.9
S0255        -8.9     -2.6        22427        38915      300      1.3    343.0
S0282        -4.6     -3.7        28524        42403      300      0.8    337.8
S0619        -7.2     -3.0        47341        59224      300      1.5    287.0
S0449        -6.5     -3.4        47314        61220      300      1.5    277.9
S0245        -7.3     -6.9        37631        48305      300      2.3     66.9
S0347        -7.8     -3.4        29617        43719      300      2.3    239.5
S0608        -5.6     -3.8        31923        48145      300      1.7    285.1
S0419        -9.9     -4.7        50211        58451      300      1.0    264.4
S0735        -8.9     -3.4        40226        55651      300      0.9    262.0

// === Cluster 11 (11 stops, vol=15.9m3, center=(-10.48,-8.86)) ===
S0463        -9.6     -9.4        50137        61624      300      1.5    232.5
S0761       -13.2    -10.6        43945        61593      300      1.1    369.9
S0425       -11.1     -8.1        51777        60076      300      1.6    164.0
S0402        -8.5     -9.7        33327        50307      300      1.6    280.6
S0537       -11.8     -9.6        51031        64800      300      0.7    213.6
S0650       -12.0     -8.8        39493        58727      300      1.4    168.7
S0370       -12.3     -8.0        42179        53425      300      0.8     89.0
S0374        -7.2     -5.2        36696        47706      300      0.8     58.5
S0565       -10.0    -10.0        45109        52555      300      2.1    118.7
S0339        -9.9     -9.8        54299        62535      300      2.1    152.2
S0338        -9.7     -8.3        43445        62417      300      2.2    255.1

// === Cluster 12 (11 stops, vol=15.9m3, center=(-1.26,-17.22)) ===
S0455        -3.0    -17.4        33136        42094      300      2.9    276.2
S0308        -0.6    -19.0        30108        41446      300      1.1    130.3
S0693        -0.4    -19.1        43082        55570      300      1.7    350.5
S0804        -1.7    -17.0        54931        62876      300      1.8    265.2
S0590        -0.9    -16.8        40132        51964      300      0.7    308.1
S0026         0.5    -15.2        30135        40936      300      0.7    218.1
S0297         0.4    -16.0        26377        43866      300      0.6    319.3
S0079        -1.3    -18.9        55197        64800      300      1.0    204.9
S0748        -3.2    -15.3        54541        64800      300      1.3    365.7
S0123        -1.7    -17.3        55761        64800      300      1.9    389.1
S0507        -2.0    -17.4        35564        44666      300      2.2    226.4

// === Cluster 13 (11 stops, vol=15.9m3, center=(-4.98,-17.42)) ===
S0298        -5.3    -16.7        45062        62918      300      2.9    138.5
S0209        -4.0    -16.6        35486        50038      300      2.7    250.2
S0536        -6.3    -19.9        56530        64800      300      1.6    192.6
S0609        -4.4    -17.9        55930        64800      300      1.8    351.2
S0642        -5.1    -15.8        40696        56113      300      1.8    117.6
S0686        -3.8    -19.5        32304        45662      300      0.6    146.9
S0506        -3.4    -15.1        24348        34138      300      0.6    340.6
S0624        -5.5    -17.8        29081        46995      300      1.2    219.3
S0452        -5.5    -19.4        34765        55559      300      0.9    289.2
S0525        -4.9    -17.7        52915        64800      300      0.9     83.8
S0314        -6.6    -15.2        37934        50986      300      0.9    159.5

// === Cluster 14 (11 stops, vol=16.0m3, center=(3.08,-5.11)) ===
S0486         3.2     -6.9        45657        53798      300      1.3     64.9
S0554        -0.2     -2.5        48540        62872      300      1.3    242.9
S0648         2.3     -5.5        27709        41960      300      1.3    281.7
S0166         2.2     -5.4        41249        56392      300      0.8    349.5
S0320         4.9     -2.5        47869        58524      300      2.5    323.9
S0646         2.4     -2.0        43269        62692      300      1.5    254.0
S0390         4.9     -6.2        35096        43165      300      1.1    326.8
S0597         3.2     -7.5        44437        64800      300      1.2    221.7
S0237         5.3     -6.2        41355        49462      300      2.3    241.3
S0727         2.3     -6.8        37940        50270      300      0.6     94.7
S0199         3.4     -4.7        44357        64789      300      2.1     51.5

// === Cluster 15 (11 stops, vol=15.9m3, center=(18.23,-16.30)) ===
S0505        16.8    -13.8        42107        53715      300      2.7    176.6
S0644        18.0    -19.6        49092        64800      300      1.5    191.2
S0550        17.0    -15.7        49604        62568      300      2.3    133.4
S0207        19.3    -19.0        22399        30591      300      2.4    198.6
S0186        19.3    -15.4        32554        49783      300      1.7    225.5
S0267        17.8    -14.8        57333        64800      300      1.6    242.6
S0218        19.9    -19.9        41562        55002      300      0.5    204.2
S0564        17.1    -15.9        45548        57136      300      0.5    239.5
S0075        17.2    -16.1        44128        57417      300      0.6    259.1
S0666        18.9    -15.1        41435        62253      300      0.9    148.5
S0015        19.2    -14.0        55582        64800      300      1.2    234.1

// === Cluster 16 (11 stops, vol=15.9m3, center=(17.16,-7.16)) ===
S0345        18.6     -5.3        57045        64800      300      2.6    300.8
S0676        17.5     -6.3        28662        46780      300      1.5    159.9
S0674        16.8     -6.5        43872        60209      300      1.1    399.4
S0333        17.8     -7.7        47508        55002      300      2.3    256.5
S0360        16.8     -8.2        29767        39299      300      0.5     98.7
S0665        16.3     -8.2        45481        58086      300      0.9    146.6
S0783        16.9     -6.5        51874        64800      300      0.9    363.7
S0465        15.5     -6.9        36040        50229      300      0.9    395.1
S0778        16.6     -8.3        32572        52447      300      1.3    199.2
S0306        16.3     -8.4        27845        43202      300      2.0     95.7
S0165        19.7     -6.5        31240        47406      300      1.9     60.2

// === Cluster 17 (10 stops, vol=15.7m3, center=(17.91,-0.85)) ===
S0106        19.1     -0.9        55919        64800      300      2.7    159.8
S0488        16.4      0.7        25943        37312      300      2.3    313.5
S0167        17.5     -1.0        43077        54748      300      1.6    206.9
S0424        19.9      0.6        48631        62167      300      1.0     87.5
S0031        17.2      1.5        36596        57800      300      1.0    330.2
S0743        17.4      1.1        54905        64800      300      1.3     91.6
S0138        17.8     -3.7        55068        64800      300      0.7     69.5
S0713        16.5     -2.8        23224        35491      300      0.9    369.7
S0129        18.2     -0.4        33586        52653      300      2.2     79.1
S0238        19.1     -3.6        29584        46111      300      2.0    189.5

// === Cluster 18 (10 stops, vol=16.0m3, center=(4.86,0.50)) ===
S0144         6.3     -0.1        26032        34009      300      2.2    186.6
S0567         6.6     -1.7        38872        57987      300      2.8    118.2
S0150         3.2      2.1        33252        42398      300      1.6    312.9
S0016         2.0     -0.8        33332        47338      300      1.2    290.2
S0381         4.1      2.0        57552        64800      300      1.7    160.7
S0715         6.8      1.1        37195        56887      300      1.7    141.6
S0543         4.2      1.5        28893        46975      300      0.7    340.9
S0067         5.3      1.4        32653        41745      300      1.4    207.0
S0040         6.3      0.9        46158        61722      300      0.6    376.2
S0555         3.8     -1.4        57581        64800      300      2.1    168.8

// === Cluster 19 (10 stops, vol=16.0m3, center=(14.54,11.47)) ===
S0378        12.9     12.2        30789        44862      300      2.8     78.4
S0356        17.7     12.5        28344        45282      300      2.8    383.6
S0717        17.2     17.9        51355        64800      300      1.3    225.3
S0702        15.6     12.8        34794        47366      300      1.1     54.0
S0437        12.7     10.6        46546        64800      300      1.2    245.3
S0242        14.5      9.6        47936        56987      300      2.3    244.2
S0534        13.0     10.8        29131        36548      300      0.6    160.0
S0089        13.8      9.9        52637        64800      300      2.0     69.1
S0542        14.7      8.0        45039        64800      300      1.0    346.8
S0379        13.3     10.4        41115        51166      300      0.9    272.9

// === Cluster 20 (10 stops, vol=15.8m3, center=(7.01,15.09)) ===
S0098         7.9     15.8        47263        64800      300      2.9    242.7
S0641         7.1     14.2        23073        31014      300      1.5    168.4
S0380         7.0     16.9        24306        32859      300      0.6    232.1
S0453         5.2     13.5        56030        64800      300      1.4     79.5
S0786         6.4     13.0        38605        48356      300      1.1     76.9
S0270         7.9     15.9        47621        60405      300      1.0     56.6
S0294         6.1     14.9        40715        59404      300      1.0     70.1
S0119         8.4     15.3        31438        41345      300      2.0    393.6
S0680         6.4     15.5        34268        54602      300      2.5    332.3
S0056         7.7     15.9        36823        51411      300      1.8    115.7

// === Cluster 21 (10 stops, vol=15.9m3, center=(3.71,11.82)) ===
S0671         7.1     12.9        48276        64800      300      2.9    146.0
S0582         1.3     11.8        53549        61415      300      1.5    364.2
S0673         2.7     12.6        39422        58428      300      2.3    211.2
S0388         4.9     10.3        23281        41371      300      1.6    194.6
S0158         4.5     12.0        30614        41276      300      0.5    139.4
S0490         4.8     10.7        50298        64800      300      0.8    392.1
S0668         3.2     10.6        34298        45368      300      0.8    253.9
S0258        -0.6     10.4        34596        44302      300      1.3     57.4
S0726         4.8     14.2        33009        49446      300      2.0    245.3
S0181         4.4     12.7        55906        64800      300      2.2     54.5

// === Cluster 22 (10 stops, vol=15.9m3, center=(-0.31,2.65)) ===
S0147        -2.6      5.1        36864        45466      300      2.6     73.8
S0385        -4.0      6.6        35286        51234      300      2.4    107.5
S0328        -1.2      3.2        23137        44122      300      1.7    199.2
S0736         1.6     -0.7        39952        52426      300      0.7     70.5
S0627         3.4     -0.7        26552        34923      300      0.6    359.6
S0285         0.1     -1.5        51878        64800      300      0.8     80.8
S0354         0.5      3.0        26058        38055      300      0.9    335.2
S0487         2.6      2.8        51628        64604      300      2.1    356.5
S0714        -0.8      2.2        46308        55087      300      1.9    299.8
S0526        -2.7      6.5        50746        59943      300      2.2    145.0

// === Cluster 23 (10 stops, vol=15.9m3, center=(-7.08,18.73)) ===
S0416        -6.4     19.1        49013        63770      300      3.0    324.5
S0447        -9.8     20.0        44136        60645      300      2.9    109.6
S0259        -9.2     19.4        54189        64800      300      2.9    237.1
S0443        -6.6     19.4        57317        64800      300      0.7    350.9
S0610        -5.7     19.6        45150        64673      300      0.7    199.6
S0779        -7.3     15.6        27154        46831      300      0.5    377.6
S0115        -5.5     17.1        52936        64800      300      1.4     91.8
S0038        -5.8     19.7        24697        36416      300      1.0    200.7
S0448        -6.0     19.6        39461        52645      300      0.8     51.1
S0718        -8.5     17.8        57395        64800      300      2.0    223.7

// === Cluster 24 (10 stops, vol=16.0m3, center=(-17.83,18.36)) ===
S0313       -16.2     18.6        36680        48420      300      0.5    371.0
S0198       -18.9     16.0        54384        63186      300      2.6    284.2
S0559       -20.0     18.3        53882        63845      300      1.5    346.7
S0319       -17.8     19.1        24392        32666      300      2.4     85.5
S0532       -16.1     16.9        35362        46443      300      1.7    333.5
S0552       -16.3     19.9        42441        51939      300      1.4    223.3
S0191       -18.3     16.9        38075        57260      300      2.0    169.9
S0113       -18.9     19.9        56059        63572      300      0.9    377.7
S0272       -17.0     18.1        37421        45220      300      0.9    242.4
S0323       -18.8     19.9        52956        64359      300      2.1    393.7

// === Cluster 25 (10 stops, vol=15.9m3, center=(-8.51,12.91)) ===
S0731        -8.6     12.4        39874        47087      300      2.9     58.9
S0467        -6.9     12.6        47131        64800      300      1.5     86.1
S0248        -9.2     12.5        34526        46315      300      2.3    132.5
S0483        -8.6     10.6        50505        64800      300      2.4    101.7
S0088        -9.5     15.1        54962        64800      300      1.7    178.6
S0371        -9.5     11.0        36588        47048      300      0.7    229.8
S0791        -9.0     11.1        30731        43989      300      0.5    161.6
S0629       -10.6     12.7        45837        59671      300      0.8    187.1
S0677        -4.6     14.3        25223        38499      300      0.9    384.9
S0134        -8.6     16.8        46580        58440      300      2.2    282.1

// === Cluster 26 (10 stops, vol=15.8m3, center=(-11.40,6.68)) ===
S0180       -10.5      5.6        42408        57340      300      2.6    201.4
S0639       -14.5      6.3        48230        56191      300      2.4    112.7
S0028        -9.3      6.7        52350        64800      300      1.5    346.2
S0658       -12.8      8.5        45356        64800      300      0.6    275.7
S0581       -10.7      9.6        51300        64800      300      1.1    345.7
S0401        -8.1      3.8        38671        56175      300      1.1    215.9
S0299       -13.2      8.1        30185        42918      300      1.0    372.5
S0341       -10.8      5.3        31799        52372      300      1.3    146.1
S0672       -13.5      6.6        33769        53266      300      2.0    272.5
S0244       -10.6      6.3        30290        40502      300      2.2     86.4

// === Cluster 27 (10 stops, vol=15.8m3, center=(-13.73,2.06)) ===
S0396       -13.2      1.8        29308        47384      300      2.8    160.4
S0073       -14.0      1.1        51064        59353      300      2.6    385.8
S0130       -13.8      2.6        25303        42480      300      2.6    146.7
S0304       -13.8      2.6        24358        33820      300      1.5     73.5
S0292       -13.3      0.2        30381        49672      300      1.5     60.1
S0420       -12.7      3.6        23907        39986      300      0.6    203.8
S0762       -12.9      3.2        54576        64800      300      1.4    295.4
S0183       -15.1      3.1        49327        64800      300      1.0    230.4
S0059       -13.4      3.4        56502        64800      300      0.9    275.8
S0794       -15.1     -1.0        51182        64800      300      0.9    398.9

// === Cluster 28 (10 stops, vol=15.8m3, center=(-13.55,-2.81)) ===
S0050       -14.8     -4.0        57411        64800      300      2.6    158.7
S0800       -12.8     -3.2        38695        49209      300      2.7    371.5
S0716       -14.9     -1.7        57419        64800      300      2.3    113.2
S0131       -15.8     -1.2        38918        50728      300      0.5    289.2
S0612       -16.7     -4.7        52841        61296      300      1.1    281.1
S0159       -13.3     -3.7        34563        46587      300      0.7    393.3
S0634       -12.2     -2.8        49045        56530      300      0.9    336.8
S0572       -11.0     -2.5        41041        61022      300      0.9    152.8
S0782       -12.5     -1.8        27447        36296      300      2.0     98.3
S0560       -11.5     -2.5        47176        64800      300      2.1    241.4

// === Cluster 29 (10 stops, vol=15.7m3, center=(-10.72,-16.35)) ===
S0070       -12.2    -16.0        38752        59908      300      2.3     74.1
S0412       -10.7    -15.0        33807        49305      300      1.6     55.9
S0684       -10.4    -19.2        40137        60459      300      1.5    155.1
S0216       -11.2    -16.5        42774        56437      300      1.5    160.1
S0195        -8.6    -16.5        50396        60958      300      1.5     76.6
S0695       -10.2    -16.4        48917        64800      300      0.6    362.0
S0787       -11.2    -14.1        54336        64800      300      1.1    387.8
S0111       -11.3    -17.3        22093        42674      300      1.7    305.0
S0663       -10.6    -13.7        40713        48613      300      1.7    196.3
S0688       -10.8    -18.8        27004        44106      300      2.2     81.2

// === Cluster 30 (10 stops, vol=16.0m3, center=(-8.54,-7.99)) ===
S0235        -9.5     -6.7        42679        58181      300      2.6     95.5
S0054        -8.1     -9.9        46146        62336      300      2.8    232.1
S0628        -8.4     -8.8        34361        53395      300      2.7    149.2
S0280        -9.2     -8.4        38113        47893      300      1.7    377.0
S0518        -7.3     -9.2        29597        47378      300      1.7    357.4
S0387        -7.4     -6.6        30727        39802      300      1.7    141.6
S0335       -10.1     -7.2        40243        55614      300      0.7    399.6
S0464        -9.0     -7.5        27604        41072      300      0.7    100.2
S0355        -7.6     -8.7        31802        52480      300      0.7    162.8
S0687        -8.8     -6.9        56023        64800      300      0.7    271.4

// === Cluster 31 (10 stops, vol=17.1m3, center=(-16.15,-15.37)) ===
S0039       -19.9    -18.0        41191        57001      300      1.9    254.0
S0679       -19.8    -17.7        36851        52931      300      1.9    262.5
S0802       -18.3    -18.5        22573        34182      300      1.5    129.8
S0312       -17.1    -17.9        42209        52758      300      1.4    391.8
S0793       -18.0    -15.8        44621        55845      300      1.1    386.9
S0427       -16.8    -16.3        32930        52515      300      1.6    272.8
S0135       -15.6    -17.1        33929        51036      300      2.0    127.4
S0647       -17.9    -14.4        27972        39046      300      1.1    331.4
S0740         1.8      0.1        46852        56864      300      2.2     73.0
S0175       -19.9    -18.1        26094        39795      300      2.4    117.4

// === Cluster 32 (10 stops, vol=15.7m3, center=(-15.51,-10.35)) ===
S0738       -17.2    -10.3        25338        34024      300      2.6    294.7
S0383       -13.9    -10.8        24674        35473      300      1.5    140.5
S0018       -14.7     -9.9        50402        64800      300      1.0    318.6
S0375       -16.1    -10.5        36187        46015      300      0.7    339.5
S0580       -15.7     -9.9        50534        57925      300      0.7     79.1
S0454       -15.4    -11.1        55415        64800      300      0.9    126.0
S0269       -15.9     -9.4        38706        53659      300      1.9    212.6
S0471       -12.9    -11.3        46100        62582      300      1.8    216.5
S0262       -16.1    -12.2        40629        48580      300      2.4     96.5
S0558       -17.2     -8.1        27306        34821      300      2.2     50.3

// === Cluster 33 (10 stops, vol=16.0m3, center=(-3.51,-13.71)) ===
S0766        -1.9    -12.0        23916        32744      300      2.2    284.1
S0392        -5.5    -15.2        54489        64800      300      1.3    337.5
S0240        -3.5    -13.5        48871        64800      300      1.3     74.2
S0013        -2.3    -12.3        29209        41207      300      2.7    203.9
S0669        -5.2    -13.8        22505        33459      300      1.6    120.1
S0146        -3.8    -13.3        54458        64800      300      1.7    241.9
S0233        -3.9    -14.4        27003        35974      300      1.4    215.7
S0156        -3.2    -13.4        34380        45131      300      2.0     80.6
S0704        -1.9    -15.1        37947        51788      300      0.9    233.5
S0523        -3.9    -14.1        57344        64800      300      0.9    295.7

// === Cluster 34 (10 stops, vol=16.0m3, center=(-6.35,-12.67)) ===
S0227        -5.4    -12.2        51773        60024      300      2.7     70.6
S0764        -6.5    -12.2        36692        53487      300      0.8    254.3
S0568        -7.5    -12.8        42098        49992      300      1.5    223.3
S0311        -6.4    -12.8        28949        43441      300      1.1     83.0
S0710        -6.4    -14.3        23877        35046      300      1.8     78.5
S0760        -3.6     -6.3        40549        48360      300      1.9    337.8
S0690        -8.2    -14.5        51047        60260      300      1.0    284.4
S0570        -6.7    -13.0        54044        62690      300      1.0    321.9
S0632        -4.4    -13.7        45832        64800      300      2.1    366.7
S0133        -8.4    -14.9        23760        35749      300      2.1     84.5

// === Cluster 35 (10 stops, vol=15.6m3, center=(14.57,-11.92)) ===
S0222        15.9    -13.0        22623        38993      300      1.5    177.7
S0584        13.6    -10.0        54755        64800      300      0.8     60.0
S0664        13.0    -13.9        54205        62934      300      0.5    186.9
S0527        15.1     -7.9        26574        39971      300      1.2    245.2
S0268        15.2    -13.1        48026        58126      300      2.0    342.9
S0359        14.6    -11.9        24433        32019      300      1.7    342.4
S0030        16.2    -13.5        53436        64800      300      1.6    160.3
S0796        13.4    -12.2        55122        64800      300      1.6    153.9
S0768        13.5    -12.0        22697        40814      300      2.3    350.4
S0172        15.2    -11.7        40186        61168      300      2.4    281.8

// === Cluster 36 (10 stops, vol=17.0m3, center=(11.47,-6.50)) ===
S0358        19.6    -12.5        35868        46360      300      0.5    314.1
S0408        19.6    -12.5        31240        45465      300      1.6     56.3
S0539        19.4    -12.3        34521        43839      300      1.5    331.6
S0194        19.4    -10.8        46769        54155      300      1.0     74.0
S0630        19.3     -9.7        32092        40377      300      2.6    255.8
S0254        19.3     -9.4        50475        63554      300      0.9    202.7
S0187         2.3      1.6        47337        59391      300      1.6    229.8
S0435        -2.2     -0.5        32781        53227      300      2.8    265.7
S0330        -0.5     -2.3        34583        44070      300      2.1     98.0
S0349        -1.5      3.4        55265        64575      300      2.4    134.1

// === Cluster 37 (9 stops, vol=16.0m3, center=(11.40,0.16)) ===
S0548        12.1     -2.4        24988        34810      300      2.2    333.7
S0307        11.1     -0.8        48841        64102      300      2.8    387.2
S0078        11.9      1.5        25214        32945      300      1.3    387.7
S0128        13.1     -1.5        51197        60379      300      2.3     63.2
S0729        10.5     -1.1        39953        60590      300      1.7    325.2
S0322        12.3      1.5        46223        55959      300      0.6    332.8
S0781        12.1      0.6        57596        64800      300      2.0    398.4
S0202        10.8      0.7        27287        37296      300      1.0    130.0
S0373         8.7      2.9        44519        56418      300      2.1    248.2

// === Cluster 38 (9 stops, vol=15.8m3, center=(15.87,4.46)) ===
S0763        17.4      6.3        43394        54596      300      2.3    264.2
S0662        16.9      4.7        31174        49992      300      1.5     87.8
S0032        15.5      2.3        39476        60055      300      1.4    243.4
S0413        14.7      3.9        28320        48792      300      1.2    155.2
S0061        14.0      3.6        25292        41787      300      1.2    264.0
S0426        18.4      3.4        45520        58193      300      2.0     51.1
S0508        15.3      6.2        26758        35238      300      2.0    249.3
S0092        15.2      3.8        53637        64800      300      2.0     86.2
S0653        15.4      5.9        39455        55796      300      2.2    253.0

// === Cluster 39 (9 stops, vol=16.0m3, center=(18.66,12.60)) ===
S0730        18.2     13.8        35992        56807      300      2.8    380.2
S0640        18.3     14.1        27164        39679      300      2.7    232.2
S0126        20.0     12.3        54232        61911      300      0.8    130.7
S0733        18.2     11.6        43231        57111      300      1.5    382.4
S0606        18.6     10.4        22059        42054      300      1.1    310.2
S0792        17.2     13.3        47786        55150      300      2.4    323.5
S0107        18.3     12.3        40585        61409      300      1.7    205.8
S0125        19.6     11.4        23607        44737      300      2.0    315.1
S0499        19.5     14.2        53289        62860      300      1.0    334.8

// === Cluster 40 (9 stops, vol=16.0m3, center=(11.21,8.52)) ===
S0382        12.7      9.9        52896        62409      300      2.9    141.6
S0249        11.8      9.8        27222        36350      300      2.7     74.6
S0569         7.3     10.6        46784        64800      300      1.1     50.6
S0801         9.6      7.3        45283        60535      300      1.2    160.0
S0263        11.6      8.4        34093        55245      300      2.4    243.1
S0595        13.6      6.8        53454        64800      300      1.8     54.5
S0005         9.6      6.5        49897        61396      300      1.9    184.4
S0021        13.6      8.1        41824        55632      300      1.4    327.5
S0515        11.1      9.3        51442        59900      300      0.6    307.8

// === Cluster 41 (9 stops, vol=15.9m3, center=(18.13,16.46)) ===
S0457        15.6     15.8        22344        33099      300      2.7    120.2
S0600        19.8     15.9        53391        64800      300      1.2    296.6
S0185        16.6     15.9        54776        64800      300      1.0    311.3
S0615        17.2     15.3        44153        64321      300      0.9    395.0
S0753        18.7     17.2        39544        55124      300      2.0    335.4
S0749        18.5     16.6        47523        59954      300      2.0    140.0
S0239        18.6     18.8        27195        34643      300      2.1    264.0
S0414        19.6     16.1        56143        64800      300      2.1    319.3
S0601        18.6     16.5        26838        35533      300      1.9     97.6

// === Cluster 42 (9 stops, vol=15.2m3, center=(8.00,7.93)) ===
S0003         9.4     10.2        55057        64800      300      2.7    250.2
S0152         7.2      7.1        29628        48173      300      0.8    187.6
S0348         6.3      6.3        31941        47915      300      0.8    263.4
S0051         7.6     11.0        27670        40911      300      2.3    364.7
S0093         8.6      8.5        34865        46032      300      2.3    122.2
S0043         7.0      6.8        30029        51102      300      1.5    332.5
S0369         8.5      6.4        50154        64800      300      1.5    388.1
S0052         6.9      5.8        54773        64800      300      1.2    296.5
S0431        10.5      9.3        32655        53582      300      2.1    318.4

// === Cluster 43 (9 stops, vol=15.9m3, center=(2.60,8.40)) ===
S0278         3.9      9.1        41977        62286      300      2.5    227.7
S0346         4.1      7.4        29782        48114      300      1.7    160.1
S0451         2.3     10.5        52142        64800      300      1.7     65.8
S0450         1.4     10.3        55663        64800      300      1.8    373.1
S0446         0.2      6.1        43960        59848      300      0.6    346.9
S0651         4.7      8.2        22688        30205      300      1.2    394.1
S0064         2.3      7.5        53971        64800      300      2.0    192.7
S0127         3.2      9.3        32615        52179      300      2.2    164.7
S0657         1.3      7.2        42415        61795      300      2.2    379.5

// === Cluster 44 (9 stops, vol=15.9m3, center=(2.49,16.31)) ===
S0788         2.5     16.1        31000        41238      300      2.6    318.0
S0042         0.6     15.8        30008        43620      300      2.6    167.0
S0521         3.8     15.6        54157        64722      300      2.4    370.8
S0541         1.1     16.9        35820        55384      300      1.2     64.7
S0223         1.9     17.1        49421        64132      300      1.0    267.8
S0310         3.6     16.9        47228        54899      300      0.8    198.2
S0417         5.3     16.4        28265        47673      300      1.3    246.6
S0645         2.0     17.0        29693        38878      300      2.0    134.2
S0631         1.6     15.0        56208        64800      300      2.0    134.1

// === Cluster 45 (9 stops, vol=15.7m3, center=(5.71,18.18)) ===
S0404         6.7     18.5        23721        42975      300      2.6    249.3
S0082         4.2     17.2        57058        64800      300      1.6     90.6
S0364         7.3     17.8        27036        40106      300      0.5    241.0
S0163         5.6     19.4        37193        58147      300      1.0    372.7
S0174         6.1     19.4        48836        59455      300      1.9    239.3
S0325         4.5     17.3        35083        45998      300      1.7    270.8
S0774         5.4     17.7        33230        47248      300      2.2     63.4
S0035         7.1     18.8        56215        64800      300      2.1    345.7
S0770         4.5     17.5        42509        62462      300      2.1    206.4

// === Cluster 46 (9 stops, vol=17.2m3, center=(-1.07,15.68)) ===
S0362         0.6     18.8        26367        34568      300      0.7    210.0
S0321         1.4     18.7        39150        60270      300      1.9    302.6
S0086         0.8     18.3        46150        63329      300      2.4    384.0
S0604        -3.5     17.8        29070        36814      300      2.2    368.3
S0334        -1.3     17.5        46989        56014      300      1.2    244.9
S0712        -1.4     17.2        52039        60386      300      2.8    276.6
S0596        -2.9     17.0        46303        64800      300      2.0    251.9
S0279        -2.8     16.7        27439        37181      300      1.9    244.5
S0044        -0.5     -0.9        42907        60135      300      2.1    227.5

// === Cluster 47 (9 stops, vol=15.7m3, center=(-2.72,18.81)) ===
S0393        -3.9     19.5        50296        64800      300      3.0    185.9
S0428        -4.3     17.2        54013        64800      300      1.5    323.0
S0029        -1.0     20.0        27977        36258      300      1.0    383.8
S0231        -1.6     18.8        22983        35877      300      0.8    331.2
S0168        -2.0     18.8        50618        59187      300      0.7    376.1
S0500        -1.5     19.2        45439        53571      300      2.1     52.9
S0785        -3.6     18.1        26490        39958      300      2.1     55.5
S0007        -2.0     19.1        46807        64800      300      2.0    374.8
S0190        -4.6     18.6        34381        48633      300      2.5     58.6

// === Cluster 48 (9 stops, vol=15.1m3, center=(-1.10,7.64)) ===
S0691        -2.1      7.0        23019        43690      300      2.9    324.2
S0423        -0.5      6.6        43192        52504      300      0.6    260.7
S0117        -2.3      9.4        32745        48829      300      1.6    142.7
S0694         0.1      6.7        42498        59970      300      2.4    202.9
S0799        -1.2      8.1        32957        50371      300      1.7    145.6
S0756        -1.4      9.2        26453        43104      300      1.7    374.4
S0440        -1.1      7.7        28793        41585      300      2.1    191.2
S0253        -0.4      7.0        23131        42010      300      1.0     85.0
S0765        -1.0      7.1        26971        46355      300      1.1    143.2

// === Cluster 49 (9 stops, vol=15.9m3, center=(-15.98,8.92)) ===
S0301       -15.7      9.9        29866        39101      300      3.0    152.3
S0544       -16.0      7.2        28430        47784      300      3.0     68.6
S0273       -15.5      7.4        52314        64800      300      1.1    341.0
S0176       -17.3      9.4        53817        63451      300      2.4    340.7
S0755       -15.7      7.8        40634        56391      300      1.2    274.2
S0121       -12.9     11.4        55182        64800      300      1.0    259.1
S0444       -17.1      8.8        51580        61797      300      0.8    129.3
S0474       -15.8      9.9        52725        64800      300      1.3    316.1
S0700       -17.8      8.5        36456        54898      300      2.1    226.4

// === Cluster 50 (9 stops, vol=15.9m3, center=(-10.18,1.01)) ===
S0377       -10.4      0.9        49712        64800      300      2.6    362.2
S0257       -11.8      0.7        43355        58697      300      1.5    225.0
S0445       -11.0      0.8        30033        39518      300      1.7    353.5
S0394       -10.6      2.0        47420        60299      300      1.7    158.2
S0667        -6.7      0.6        45592        60790      300      1.0    353.3
S0618        -6.9     -0.1        47766        61781      300      1.3    272.5
S0228       -12.1      1.9        52514        64800      300      2.0     70.3
S0196       -11.8      0.9        46433        61663      300      1.9    299.3
S0327       -10.3      1.4        52289        64800      300      2.2    391.0

// === Cluster 51 (9 stops, vol=16.0m3, center=(-18.76,3.60)) ===
S0703       -18.8      2.4        46718        62640      300      2.9    133.4
S0613       -18.8      2.4        48476        59236      300      2.6    357.5
S0389       -18.9      5.9        53362        64800      300      1.3    328.5
S0745       -18.4      2.5        28965        39107      300      1.6    201.4
S0224       -18.9      3.4        56010        64800      300      1.5     55.7
S0041       -18.9     -0.3        39534        52679      300      1.1    348.0
S0192       -17.7      5.3        34903        47406      300      2.4    384.7
S0744       -19.2      6.0        54079        64800      300      1.9    239.9
S0157       -19.2      4.8        31934        49165      300      0.7    318.7

// === Cluster 52 (9 stops, vol=15.9m3, center=(-6.37,2.60)) ===
S0442        -4.9      3.1        41364        62904      300      2.6    213.6
S0622        -2.1      1.8        52073        64800      300      1.5    199.6
S0116       -10.1      5.0        26046        39449      300      2.3    327.1
S0434        -8.7      2.2        29977        38215      300      2.3    187.2
S0752        -6.3      3.0        29966        37495      300      1.8    331.0
S0010        -6.6      2.9        30542        41108      300      1.2    250.9
S0777        -5.6      3.1        57295        64800      300      1.0    210.5
S0493        -5.6     -0.5        36355        47692      300      1.3     95.6
S0350        -7.4      2.8        37292        57009      300      1.9    188.3

// === Cluster 53 (9 stops, vol=16.0m3, center=(-5.87,7.81)) ===
S0563        -6.8      7.1        38691        57164      300      2.9    159.1
S0485        -4.8      9.4        56850        64800      300      3.0    179.2
S0193        -6.3      8.5        23420        44947      300      0.8    361.0
S0747        -6.4      9.3        42659        56683      300      1.9    157.5
S0626        -6.6      7.5        56175        64800      300      1.9    293.1
S0519        -4.4      7.2        56363        64322      300      1.9    259.3
S0025        -3.6      7.5        55458        64800      300      0.6    160.2
S0361        -6.8      5.7        37739        55964      300      0.9    371.2
S0587        -7.1      8.1        21618        42595      300      2.1    160.9

// === Cluster 54 (9 stops, vol=16.0m3, center=(-4.66,0.72)) ===
S0122        -5.0      1.6        33501        52281      300      2.9     77.3
S0037        -7.2      2.2        50941        64239      300      2.2    315.7
S0421        -3.4     -2.1        54516        61761      300      2.4    176.7
S0479        -4.7      2.1        21972        39292      300      1.7    305.1
S0477        -4.6      0.8        50755        64800      300      1.4     68.1
S0217        -5.7     -2.1        38832        60016      300      1.4    154.9
S0096        -3.5      1.2        53110        64800      300      1.0    148.0
S0723        -3.5     -0.4        24563        45000      300      0.9    378.6
S0478        -4.3      3.2        31706        48685      300      2.1    289.5

// === Cluster 55 (9 stops, vol=15.4m3, center=(-10.26,-12.01)) ===
S0549        -9.7    -12.8        44245        62868      300      2.7    279.1
S0004        -9.9    -12.0        31253        42418      300      2.6    245.3
S0204        -8.5    -11.3        44250        64236      300      2.6    183.7
S0476       -11.6    -11.2        37689        52511      300      0.9    316.8
S0473        -8.9    -10.9        25741        44424      300      0.7    176.5
S0405        -9.1    -13.3        25392        42268      300      0.6    157.0
S0260       -11.2    -12.7        33947        41958      300      1.8    113.2
S0614       -11.9    -11.4        48472        62897      300      1.4    293.2
S0734       -11.5    -12.5        28510        37050      300      2.1    213.4

// === Cluster 56 (9 stops, vol=15.9m3, center=(-17.94,-4.19)) ===
S0232       -18.0     -5.3        51448        60321      300      2.8    162.8
S0081       -16.6     -6.9        49284        58832      300      2.3    190.8
S0638       -18.0     -5.5        31601        44269      300      2.4    198.0
S0411       -19.1     -2.7        28717        39398      300      1.0    331.1
S0496       -18.8     -2.4        30983        42476      300      1.0     80.0
S0184       -17.0     -4.2        23435        35222      300      1.3    238.5
S0329       -16.4     -3.8        39707        56040      300      0.9    126.9
S0456       -19.2     -5.5        38561        56225      300      2.1    168.2
S0057       -18.4     -1.4        26329        39555      300      2.1     93.1

// === Cluster 57 (9 stops, vol=15.2m3, center=(-14.71,-19.21)) ===
S0071       -17.4    -19.6        36858        53602      300      2.9    315.2
S0410       -13.5    -19.7        52025        63466      300      2.7    359.3
S0101       -15.4    -18.8        26144        45767      300      2.6    381.4
S0139       -14.9    -19.2        26698        40971      300      0.5    135.9
S0400       -11.0    -19.3        22284        32874      300      0.7    237.8
S0036       -15.2    -19.1        42278        58661      300      0.9    354.2
S0080       -16.3    -19.2        22938        38822      300      1.5     58.3
S0153       -14.5    -18.0        44748        60415      300      1.3    259.6
S0685       -14.2    -20.0        56100        64800      300      2.1    277.7

// === Cluster 58 (9 stops, vol=15.3m3, center=(8.59,-18.77)) ===
S0406        11.5    -19.9        36369        50939      300      2.9    400.0
S0236         7.6    -20.0        50682        64800      300      2.7     63.3
S0170        10.5    -17.5        40478        55831      300      1.0     53.3
S0019         7.6    -17.6        53820        64800      300      0.6    383.3
S0422         8.1    -19.6        44438        61804      300      1.1    259.5
S0027         8.5    -19.8        49267        64800      300      1.6    152.6
S0494         9.0    -18.2        31028        44354      300      1.6    323.3
S0458         8.3    -18.4        49594        61048      300      1.4    276.3
S0522         6.2    -17.9        33872        51820      300      2.4    206.2

// === Cluster 59 (9 stops, vol=15.9m3, center=(3.06,-3.29)) ===
S0661         5.9     -1.6        37311        58383      300      2.9    248.6
S0001         1.8     -5.8        23868        35117      300      2.7    145.1
S0162         3.2     -2.7        45757        62133      300      2.5    289.3
S0182         4.4     -4.0        26526        35740      300      1.8    339.7
S0556         3.4     -1.2        38178        51186      300      1.8    203.2
S0261         0.5     -3.6        46824        56849      300      0.7    237.7
S0160         5.0     -3.1        38248        46962      300      0.7    339.8
S0533         0.8     -4.3        27183        37144      300      0.8    159.6
S0547         2.5     -3.3        40715        57300      300      2.0    194.9

// === Cluster 60 (9 stops, vol=16.0m3, center=(14.74,-16.82)) ===
S0430        15.8    -15.8        45670        64800      300      2.2    188.1
S0142        16.3    -14.6        52237        64800      300      2.8    111.1
S0593        15.3    -15.7        27064        47087      300      2.5     96.8
S0095        13.0    -18.3        47045        55794      300      1.8    383.7
S0102        14.3    -20.0        31849        39089      300      1.9     63.4
S0551        14.6    -15.6        46284        54303      300      1.9    218.3
S0576        15.6    -18.9        43471        54218      300      1.4    337.1
S0625        13.8    -16.8        56929        64800      300      0.6    255.8
S0512        14.0    -15.7        29329        42987      300      0.9    114.5

// === Cluster 61 (9 stops, vol=15.8m3, center=(14.40,-5.07)) ===
S0164        12.3     -3.6        38328        54776      300      2.9    365.2
S0492        15.4     -6.6        43199        50456      300      2.6    326.2
S0317        14.6     -4.4        47123        55724      300      0.9    135.7
S0511        14.7     -5.0        52443        64800      300      1.0    170.7
S0696        14.6     -3.6        35598        45340      300      1.1    295.8
S0461        13.9     -5.3        54628        64800      300      1.1    371.7
S0790        13.6     -6.3        39972        49449      300      2.0    263.5
S0251        13.8     -6.3        49117        64800      300      2.0    156.6
S0145        16.7     -4.5        39991        59756      300      2.2    389.3

// === Cluster 62 (9 stops, vol=15.6m3, center=(7.99,-5.08)) ===
S0376         8.9     -3.6        22100        37975      300      2.8    290.4
S0303         9.3     -4.6        34965        44786      300      2.7    385.3
S0094         6.4     -6.1        49588        64716      300      0.6    213.2
S0678         8.1     -7.3        29236        48800      300      0.7    376.3
S0711         8.5     -5.5        24100        41783      300      1.1    126.8
S0538         4.9     -5.0        37513        56237      300      0.9     83.2
S0767         8.6     -4.8        51234        64800      300      2.5    110.3
S0432         7.4     -3.6        30422        37818      300      2.3    399.9
S0602         9.8     -5.2        35798        44378      300      2.0    265.2

// === Cluster 63 (9 stops, vol=15.9m3, center=(8.21,3.96)) ===
S0065         8.5      7.3        28701        46390      300      3.0    288.2
S0574         9.5      3.8        31424        46937      300      2.7    396.2
S0516         8.6      2.1        51177        64800      300      1.7    386.3
S0384         6.1      3.6        27528        41972      300      1.7     99.5
S0643         6.1      3.1        30415        47610      300      0.6    248.0
S0504        10.1      4.3        34349        44161      300      0.9    200.7
S0277         7.1      1.8        23843        38395      300      1.3    374.9
S0049         9.7      4.1        50035        64800      300      1.9    149.9
S0287         8.2      5.5        48324        62955      300      2.1     81.8

// === Cluster 64 (8 stops, vol=15.2m3, center=(2.65,5.65)) ===
S0660         2.8      7.6        44892        64722      300      2.6     69.9
S0566         2.0      4.3        37534        48758      300      2.6     70.0
S0211         2.4      4.9        46284        64800      300      0.5    232.5
S0795         2.9      5.2        27721        44776      300      0.9    272.3
S0288         1.2      6.4        27197        44551      300      1.7    148.0
S0103         3.6      6.4        39952        55219      300      2.4    263.1
S0649         3.4      6.5        54613        62318      300      2.4    272.3
S0109         2.9      3.9        22586        31957      300      2.1    362.5

// === Cluster 65 (8 stops, vol=15.0m3, center=(17.94,8.16)) ===
S0266        18.7      8.0        30219        49480      300      2.9    256.6
S0302        16.8      7.9        49540        64800      300      0.7    371.4
S0265        18.5      8.6        36340        44559      300      2.5    349.4
S0469        18.8      9.5        39789        47218      300      2.4    368.3
S0020        16.8      9.5        37293        50629      300      2.3    177.5
S0033        17.5      8.5        55218        63288      300      2.0    318.7
S0077        18.3      7.0        22537        34202      300      1.1    161.3
S0773        18.1      6.3        37885        49113      300      1.1    291.7

// === Cluster 66 (8 stops, vol=17.3m3, center=(16.53,3.14)) ===
S0395        19.4      5.8        41041        57612      300      1.9     69.2
S0386        19.2      5.7        39891        51656      300      2.8    344.1
S0436        19.6      2.1        27187        44557      300      0.9    117.7
S0683        19.5      1.8        47946        64800      300      1.3    203.5
S0758        19.1      1.3        26001        45138      300      2.7    301.7
S0689        18.7      4.0        36482        45930      300      2.6    366.1
S0520        18.6      3.6        25370        45335      300      2.7    376.7
S0336        -1.9      0.8        45812        61787      300      2.4    175.0

// === Cluster 67 (8 stops, vol=16.0m3, center=(11.15,4.89)) ===
S0154        11.0      3.1        49024        64055      300      2.6    334.0
S0208        11.0      4.0        44886        64800      300      3.0    260.6
S0132        10.9      5.6        55175        64800      300      2.7    374.3
S0697        11.0      6.5        43078        56200      300      1.6    383.5
S0296        11.1      5.5        21671        38438      300      1.1    334.6
S0603         7.3      5.4        32330        47355      300      1.2    298.3
S0480        13.3      3.8        54105        64757      300      1.9    181.2
S0751        13.6      5.2        52169        64800      300      1.9    350.6

// === Cluster 68 (8 stops, vol=15.5m3, center=(8.73,13.50)) ===
S0797         9.9     13.3        22905        39690      300      2.8    369.9
S0110         9.0     13.8        30113        50631      300      2.7    172.8
S0053         8.8     13.7        32245        53225      300      1.4    105.1
S0141         8.0     13.0        44509        57292      300      1.1    277.9
S0403         9.3     13.2        45405        59114      300      0.7    384.3
S0091         9.3     12.9        40480        61828      300      2.0    210.3
S0105         8.4     14.0        52702        61934      300      2.5    385.1
S0173         7.1     14.1        48720        58814      300      2.3    109.8

// === Cluster 69 (8 stops, vol=15.8m3, center=(3.68,18.96)) ===
S0178         3.9     19.3        35859        45401      300      2.9    126.5
S0226         4.1     17.4        29075        44531      300      2.6    167.6
S0008         4.0     19.3        55330        64800      300      2.4    203.6
S0352         3.2     19.2        50433        64800      300      1.5    338.7
S0592         2.5     19.1        56983        64800      300      0.6    234.1
S0286         3.2     19.8        49233        64800      300      1.3    389.5
S0769         4.2     19.4        27442        38674      300      2.0    283.9
S0510         4.3     18.2        45431        52909      300      2.5    298.9

// === Cluster 70 (8 stops, vol=15.5m3, center=(-12.00,14.58)) ===
S0137       -13.5     15.3        28898        47847      300      2.9    345.1
S0397       -12.2     13.4        45274        53544      300      1.4    145.6
S0528       -11.2     13.3        32525        54061      300      0.7    377.4
S0681       -11.7     16.6        48520        64800      300      2.0    159.6
S0229       -10.6     14.6        55476        64800      300      1.7    286.2
S0675       -13.7     13.2        39269        54674      300      2.1    383.9
S0591       -12.5     14.4        23889        44622      300      2.4    331.2
S0225       -10.6     15.8        35953        48629      300      2.3    303.9

// === Cluster 71 (8 stops, vol=14.9m3, center=(-18.06,15.20)) ===
S0219       -18.2     15.9        40367        52839      300      2.8    222.5
S0699       -17.2     15.5        26506        45323      300      2.6    217.9
S0705       -17.3     15.2        44528        56933      300      2.3    300.5
S0459       -19.2     13.8        40426        56490      300      1.2    362.8
S0598       -17.5     15.1        46244        64211      300      1.9    131.3
S0372       -17.8     15.1        33704        41455      300      1.7    166.2
S0342       -19.5     16.0        34417        52482      300      1.1    231.1
S0023       -17.8     15.0        43821        51642      300      1.3    121.2

// === Cluster 72 (8 stops, vol=15.8m3, center=(-11.86,10.46)) ===
S0149       -13.2     11.9        22025        36984      300      2.9     51.4
S0742       -12.2     11.6        45625        58263      300      2.7     98.9
S0045       -11.2     10.3        48424        64800      300      2.3    114.1
S0611       -12.0     10.8        57385        64800      300      1.5    221.5
S0243       -12.5     10.9        34785        56257      300      1.1    113.0
S0682       -10.1      9.6        31850        40091      300      0.8    239.1
S0084       -11.2      9.6        45125        62644      300      2.0    367.3
S0637       -12.5      9.0        45040        56394      300      2.5    327.5

// === Cluster 73 (8 stops, vol=15.7m3, center=(-13.65,17.61)) ===
S0557       -13.7     19.9        37428        48974      300      2.8     97.9
S0706       -15.8     16.5        38870        50820      300      2.3    172.9
S0741       -15.1     15.8        22648        43569      300      2.3    212.4
S0484       -14.5     18.2        52751        64800      300      1.4    302.2
S0617       -11.6     18.1        34976        51738      300      1.0    178.3
S0575       -11.6     15.5        31290        44780      300      1.3    344.7
S0063       -11.6     18.7        49375        63033      300      2.1    200.3
S0561       -15.3     18.2        47061        62980      300      2.5     78.3

// === Cluster 74 (8 stops, vol=15.4m3, center=(-18.64,8.88)) ===
S0737       -18.2      9.1        46518        57346      300      2.8    365.5
S0100       -17.7     10.2        48943        64800      300      2.6    304.9
S0692       -18.0      7.5        26631        35983      300      1.1    262.8
S0316       -19.5      9.6        51433        64800      300      1.2     65.5
S0460       -19.6      6.8        31166        45792      300      0.9    389.1
S0058       -18.1      9.4        55880        64800      300      1.9    119.7
S0585       -18.7      7.8        47399        64800      300      2.5    267.7
S0594       -19.3     10.6        38288        49572      300      2.4    303.3

// === Cluster 75 (8 stops, vol=15.9m3, center=(-5.63,4.31)) ===
S0466        -6.6      5.6        43361        55420      300      2.7    166.1
S0553        -6.0      5.8        22572        30620      300      2.7    238.4
S0573        -6.6      4.8        52257        64800      300      2.7    342.0
S0599        -4.6      4.0        27179        37452      300      2.7    257.4
S0188        -5.5      4.4        52952        64800      300      1.0    371.5
S0055        -1.9      1.8        40090        49423      300      0.8    106.7
S0489        -3.9      3.1        22604        37708      300      1.3     90.9
S0090        -9.9      5.0        52831        64800      300      2.0    234.9

// === Cluster 76 (8 stops, vol=16.8m3, center=(-16.06,-10.48)) ===
S0234       -19.1    -10.1        57222        64800      300      1.1    306.4
S0213       -16.4    -14.5        29268        39091      300      2.7    159.8
S0571       -18.4    -11.5        52046        64693      300      1.9    282.6
S0407       -19.9    -14.1        44571        64057      300      2.4    239.9
S0579         0.1      2.6        50290        62508      300      2.4    183.0
S0433       -16.9    -13.0        54137        64800      300      2.9    361.4
S0066       -18.5    -12.9        42293        56859      300      1.7     67.6
S0271       -19.4    -10.3        30626        46030      300      1.7    142.0

// === Cluster 77 (8 stops, vol=16.0m3, center=(-13.16,-16.64)) ===
S0759       -12.1    -17.2        41062        48702      300      2.6    317.3
S0281       -15.3    -14.1        55689        64800      300      2.6    279.4
S0497       -11.2    -14.8        52957        64800      300      0.8    394.6
S0276       -14.4    -17.8        30963        48111      300      2.5    312.3
S0363       -13.0    -16.9        34967        51301      300      1.1    268.0
S0514       -12.9    -16.9        47044        64800      300      2.4    368.3
S0524       -13.5    -16.7        57217        64800      300      1.9     50.2
S0017       -12.9    -18.7        44934        62756      300      2.1     83.0

// === Cluster 78 (8 stops, vol=15.5m3, center=(-2.54,-10.31)) ===
S0293        -4.4     -9.8        55077        64800      300      3.0    179.2
S0577        -3.4    -10.1        52232        62935      300      1.4    243.9
S0623        -2.0    -11.2        22386        37534      300      0.6    357.6
S0728        -1.2    -10.8        50907        64800      300      1.8    290.4
S0578        -2.0    -11.4        38706        48516      300      1.6    175.7
S0707        -1.5     -9.4        31785        48009      300      2.2    167.6
S0725        -0.5    -10.9        27054        37889      300      2.5    129.9
S0215        -5.3     -8.9        51067        64800      300      2.4    134.4

// === Cluster 79 (8 stops, vol=15.9m3, center=(4.30,-18.28)) ===
S0495         1.9    -17.9        44110        61994      300      2.8    166.6
S0562         3.2    -17.6        34191        48615      300      2.8     54.6
S0087         3.7    -19.3        39002        56635      300      2.7    106.4
S0179         5.8    -16.8        46967        57565      300      2.3    130.1
S0399         2.9    -19.2        30703        45643      300      1.6    261.9
S0340         4.4    -19.2        28782        38748      300      1.8    147.2
S0803         5.2    -19.1        29072        37035      300      0.7    151.3
S0357         7.3    -17.1        55130        64800      300      1.2    336.7

// === Cluster 80 (8 stops, vol=15.6m3, center=(4.24,-9.61)) ===
S0203         4.2    -10.1        54833        64800      300      2.9     85.6
S0047         3.6    -10.1        47512        64800      300      1.5    206.2
S0315         3.4     -8.9        53550        64800      300      1.5    318.7
S0256         2.5     -9.2        41122        57402      300      1.2    144.8
S0136         4.1     -7.5        48509        58764      300      1.9     67.1
S0011         5.7    -10.8        42194        57157      300      1.9    310.9
S0246         5.5    -13.6        55113        64800      300      2.5    112.6
S0535         4.9     -6.7        28921        44977      300      2.2    151.2

// === Cluster 81 (8 stops, vol=16.0m3, center=(-1.13,-5.74)) ===
S0776        -0.6     -6.8        48994        62741      300      2.9    305.6
S0415        -2.1     -5.1        38392        51800      300      2.9    109.0
S0621         1.9     -6.5        26314        44001      300      2.6    128.7
S0241        -2.3     -5.8        26250        41193      300      2.8    321.2
S0151        -2.4     -3.5        33397        44221      300      1.5    215.4
S0368         0.5     -5.6        46902        64800      300      1.1     92.9
S0108        -0.4     -5.8        35962        52607      300      1.2    240.3
S0140        -3.6     -6.8        38266        50593      300      1.0    307.1

// === Cluster 82 (8 stops, vol=15.6m3, center=(11.05,-13.96)) ===
S0104        10.2    -13.3        44140        60763      300      3.0    337.6
S0309        11.0    -13.4        37569        56562      300      2.8    377.7
S0503        11.5    -15.2        56685        64800      300      2.6    372.4
S0205        10.5    -13.0        39669        54508      300      1.4    137.5
S0230        10.1    -13.1        48161        64800      300      0.7     84.4
S0529        10.3    -14.6        21942        35371      300      1.1    128.6
S0708        11.8    -14.1        24545        38527      300      1.7    381.1
S0283        13.0    -15.0        32594        50536      300      2.3    186.1

// === Cluster 83 (8 stops, vol=16.0m3, center=(12.28,-9.18)) ===
S0636        12.0     -5.7        55580        64800      300      2.9    274.4
S0331        13.4     -9.6        56341        64800      300      3.0    348.4
S0074        12.5     -8.5        43673        57207      300      2.8    352.1
S0264        11.1    -11.2        31002        43273      300      2.3    225.5
S0206        10.5    -11.9        53765        64800      300      0.7    399.2
S0318        12.5     -9.5        42545        62450      300      1.4    315.6
S0009        13.3     -6.9        30818        49018      300      2.0    258.7
S0295        12.9    -10.1        38614        54988      300      0.9    255.9

// === Cluster 84 (8 stops, vol=16.0m3, center=(8.70,-9.00)) ===
S0540         9.0     -9.6        30051        43866      300      2.9     59.4
S0155         6.7     -9.1        33481        49989      300      2.8    141.5
S0722         9.4     -8.3        33216        46855      300      1.5    359.5
S0365         9.6    -11.0        47534        58707      300      2.4    339.7
S0148         8.6     -7.4        29055        42844      300      2.3    270.9
S0721         7.2     -9.1        51322        64800      300      1.7    247.6
S0099         9.8     -8.1        36818        45708      300      1.4    361.2
S0439         9.3     -9.4        22734        39756      300      1.0    211.4

// === Cluster 85 (7 stops, vol=15.5m3, center=(13.04,18.70)) ===
S0546        11.2     18.1        56084        64800      300      2.8    152.5
S0583        15.2     16.7        56017        63892      300      2.6    274.3
S0048        11.7     19.0        26605        33877      300      1.4    341.7
S0720        12.7     19.5        50555        64800      300      1.8    323.6
S0118        14.5     18.5        37468        47147      300      2.4    242.9
S0409        12.0     19.6        26263        36251      300      2.3    222.7
S0250        14.0     19.5        36112        52733      300      2.2    188.8

// === Cluster 86 (7 stops, vol=16.0m3, center=(8.90,-1.31)) ===
S0024         8.3     -0.2        41560        58208      300      2.9    104.3
S0275        10.5     -1.8        55477        64800      300      2.5    115.9
S0652        10.7     -0.7        50951        64800      300      2.3    147.2
S0274        10.3     -3.3        37651        54149      300      2.4    263.0
S0284         8.4     -0.6        37660        49107      300      1.9     92.3
S0252         6.8     -2.9        23712        39405      300      1.9    251.5
S0616         7.3      0.3        45578        63611      300      2.1    152.9
