S0535 -14.8000 -11.5000 40208 59568 300 0.6000 161.2000
S0168 -15.7000 -11.3000 49306 63441 300 1.2000 252.6000
S0337 -15.6000 -11.2000 56808 64800 300 1.2000 205.9000
S0566 -12.7000 -10.9000 38041 54335 300 2.5000 100.0000
S0567 -13.0000 -12.3000 38960 47588 300 2.2000 137.7000
S0013 -15.9000 -10.9000 22424 32963 300 1.0000 300.7000
S0751 -13.6000 -11.5000 53410 61627 300 0.7000 231.9000
S0774 -15.7000 -12.1000 49310 64800 300 2.1000 307.5000
S0071 -12.9000 -14.9000 29170 36612 300 2.0000 194.5000
S0803 -15.2000 -11.4000 45646 60826 300 1.9000 274.1000
