S0330 16.0000 -6.5000 56702 64800 300 0.6000 57.4000
S0277 14.6000 -8.6000 31747 50387 300 1.5000 103.5000
S0548 14.4000 -8.3000 52110 64153 300 1.4000 374.5000
S0561 14.5000 -7.3000 39113 55016 300 1.4000 310.9000
S0391 14.3000 -7.5000 54950 64800 300 0.7000 368.4000
S0174 14.1000 -7.6000 29540 43918 300 1.0000 352.2000
S0618 15.1000 -6.7000 27033 37326 300 2.3000 370.8000
S0509 14.5000 -9.2000 38578 53907 300 2.6000 358.0000
S0308 -0.9000 0.1000 26596 35621 300 2.1000 66.6000
S0370 13.0000 -6.1000 49308 64800 300 1.9000 295.3000
S0569 15.7000 -7.7000 46075 62668 300 1.7000 175.0000
