S0638 -3.8000 6.2000 35873 55362 300 0.7000 87.8000
S0489 -2.8000 6.6000 54355 62275 300 0.7000 135.3000
S0425 -5.7000 4.4000 49748 64800 300 2.4000 97.1000
S0300 -2.8000 2.6000 21851 30166 300 1.6000 179.9000
S0192 -1.2000 1.3000 57576 64800 300 1.4000 396.5000
S0729 -3.7000 5.4000 29827 37406 300 1.5000 128.9000
S0036 -5.6000 3.3000 51549 64800 300 2.8000 384.5000
S0437 -3.1000 6.9000 50650 57979 300 1.9000 230.3000
S0189 -8.3000 5.7000 30917 41391 300 1.9000 248.4000
S0731 -3.3000 6.7000 39614 49702 300 1.1000 224.6000
