S0639 -8.2000 -0.1000 41625 53843 300 0.5000 321.6000
S0267 -8.7000 1.4000 35641 53569 300 0.6000 372.1000
S0415 -0.5000 -0.1000 47426 56113 300 1.3000 302.7000
S0217 -7.4000 3.2000 49232 64800 300 1.2000 236.5000
S0107 -10.6000 0.1000 34300 50438 300 2.7000 249.8000
S0206 -9.9000 2.0000 30560 41304 300 3.0000 298.3000
S0265 -5.6000 0.8000 42777 60809 300 2.0000 308.7000
S0417 -10.1000 1.4000 26681 36826 300 1.7000 339.0000
S0304 -7.3000 0.6000 53323 62292 300 1.8000 57.7000
S0604 -8.3000 0.4000 48549 56658 300 1.1000 373.0000
