S0780 -12.4000 -9.4000 56940 64800 300 0.9000 192.0000
S0500 -11.8000 -8.8000 29535 49479 300 0.6000 170.8000
S0339 -11.3000 -9.9000 40296 58703 300 1.4000 251.9000
S0078 -11.1000 -8.6000 24225 41185 300 1.9000 105.8000
S0554 -12.6000 -7.9000 44426 61766 300 1.7000 247.6000
S0240 -11.2000 -9.3000 30678 51829 300 1.7000 242.4000
S0070 -10.6000 -7.8000 57546 64800 300 1.7000 390.7000
S0730 -0.2000 -3.3000 40656 56299 300 2.4000 304.2000
S0679 -9.7000 -10.1000 22329 38090 300 1.8000 100.2000
S0246 -12.2000 -6.4000 43020 62548 300 2.8000 388.8000
