S0309 4.7000 3.9000 32339 50325 300 0.8000 349.7000
S0624 5.5000 3.4000 37172 56861 300 0.9000 235.2000
S0564 4.0000 1.2000 23673 40864 300 0.9000 75.2000
S0804 4.0000 8.3000 53683 64800 300 2.3000 371.4000
S0635 3.8000 3.0000 28648 41144 300 2.5000 303.2000
S0256 3.7000 3.5000 36494 57660 300 1.6000 348.0000
S0704 3.4000 -0.3000 54379 64800 300 1.6000 319.4000
S0487 5.1000 3.6000 42365 60959 300 1.5000 104.4000
S0771 4.2000 2.6000 52601 64800 300 2.2000 371.3000
S0472 8.9000 2.6000 53249 64800 300 1.7000 331.7000
