S0542 -10.8000 -6.1000 33545 44800 300 0.7000 361.2000
S0183 -8.9000 -3.1000 37023 48898 300 0.9000 114.2000
S0720 -9.3000 -8.2000 40827 59594 300 2.5000 322.3000
S0784 -8.6000 -5.3000 24496 33422 300 2.4000 188.0000
S0718 -8.3000 -5.9000 39855 55563 300 1.4000 250.1000
S0637 -8.7000 -3.7000 36031 46075 300 1.2000 384.9000
S0515 -10.8000 -6.1000 29192 47574 300 2.2000 339.5000
S0525 -8.9000 -7.1000 39345 47529 300 2.0000 209.4000
S0158 -4.7000 -4.5000 41827 60076 300 1.6000 259.0000
S0510 -6.8000 -4.6000 27708 41798 300 1.0000 289.8000
