S0431 1.0000 14.4000 28085 39697 300 0.6000 119.9000
S0388 3.6000 10.5000 56238 64800 300 0.8000 301.3000
S0544 2.5000 13.7000 46470 64800 300 0.9000 119.9000
S0072 4.3000 14.0000 24938 34898 300 1.0000 293.2000
S0066 5.6000 14.8000 44041 53939 300 1.2000 53.4000
S0695 1.6000 13.9000 56281 64800 300 1.2000 339.4000
S0734 5.8000 13.4000 53075 64800 300 1.3000 204.8000
S0725 1.2000 8.3000 26121 41545 300 1.4000 298.4000
S0034 0.1000 12.5000 42569 55865 300 2.7000 286.8000
S0045 1.8000 13.7000 33998 43010 300 2.1000 113.7000
S0701 3.8000 11.8000 42192 63293 300 1.7000 343.3000
S0687 5.8000 14.0000 39612 58996 300 1.1000 131.1000
