S0074 7.7000 0.4000 26285 39352 300 0.5000 74.6000
S0295 5.5000 -1.2000 36329 43675 300 0.7000 350.6000
S0650 6.5000 -0.3000 37135 51530 300 1.5000 133.5000
S0486 5.7000 -1.5000 27428 35867 300 1.5000 376.6000
S0410 5.7000 0.5000 46079 60624 300 2.9000 203.9000
S0768 8.7000 -0.7000 46486 55597 300 2.0000 199.9000
S0230 8.9000 1.3000 40200 49016 300 1.6000 394.3000
S0278 1.5000 -4.6000 52811 60344 300 1.6000 187.6000
S0673 10.4000 1.1000 26802 36439 300 1.8000 158.1000
S0033 3.3000 -1.6000 44809 60944 300 1.8000 158.5000
