S0142 9.7000 15.5000 29104 46529 300 0.6000 55.8000
S0445 14.6000 14.6000 22519 34095 300 0.8000 239.7000
S0715 12.4000 14.2000 49867 64800 300 0.9000 84.2000
S0031 12.1000 14.3000 45461 64800 300 1.2000 96.0000
S0093 11.6000 15.6000 47544 57583 300 1.3000 271.2000
S0523 13.9000 14.7000 41604 57999 300 2.8000 303.1000
S0521 13.8000 15.6000 25572 45455 300 2.2000 289.6000
S0213 13.8000 17.6000 37017 50558 300 3.0000 80.4000
S0483 11.7000 15.9000 49561 64800 300 2.1000 220.8000
S0409 10.5000 14.8000 30009 39259 300 1.1000 350.2000
