S0434 18.6000 -5.3000 27694 46581 300 0.7000 75.2000
S0754 16.4000 -3.1000 34495 46934 300 0.8000 242.5000
S0484 16.3000 -3.8000 22162 31793 300 2.3000 322.8000
S0436 15.3000 -2.3000 27549 40500 300 1.4000 296.4000
S0661 15.4000 -2.0000 26552 34908 300 1.3000 386.4000
S0146 15.6000 -0.9000 30595 38842 300 2.7000 224.4000
S0685 16.8000 -3.7000 25904 34505 300 2.2000 91.5000
S0468 15.9000 -3.4000 37819 47597 300 1.0000 397.2000
S0250 13.4000 -2.9000 47522 64346 300 1.7000 384.0000
S0047 13.6000 -2.5000 48674 64800 300 1.8000 252.7000
