S0614 9.1000 -10.0000 28054 39064 300 2.5000 275.2000
S0133 8.1000 -10.4000 31622 41792 300 0.5000 272.8000
S0712 8.7000 -11.6000 53232 64800 300 0.6000 345.1000
S0653 7.1000 -10.8000 29580 40016 300 0.6000 138.4000
S0411 8.6000 -8.6000 30038 51327 300 1.0000 235.2000
S0770 9.1000 -6.3000 41371 50245 300 1.1000 247.4000
S0764 9.1000 -8.2000 23645 42921 300 1.3000 388.2000
S0419 9.1000 -7.5000 41459 49358 300 2.3000 258.6000
S0050 10.0000 -9.8000 48890 62308 300 1.9000 228.6000
S0110 11.2000 -8.2000 52996 64800 300 1.7000 162.6000
S0716 10.9000 -7.4000 26197 35670 300 1.7000 264.0000
