S0713 -12.8000 18.4000 26735 39449 300 0.5000 79.4000
S0402 -10.9000 19.3000 54183 64800 300 0.6000 171.5000
S0063 -13.3000 17.5000 21812 33993 300 0.8000 85.1000
S0460 -11.7000 16.8000 57167 64800 300 1.0000 164.1000
S0387 -12.0000 15.5000 49243 64800 300 1.0000 330.6000
S0008 -7.3000 8.3000 38066 49012 300 1.0000 190.8000
S0141 -14.6000 19.5000 32235 44411 300 2.4000 227.7000
S0615 -13.8000 16.5000 33387 44077 300 2.4000 385.7000
S0539 -13.5000 17.5000 34511 41787 300 1.6000 349.4000
S0215 -14.7000 16.7000 21778 32068 300 1.6000 280.1000
S0268 -11.9000 16.9000 50532 64800 300 1.3000 302.4000
S0144 -12.9000 18.8000 35134 45214 300 1.8000 110.5000
