S0292 0.4000 6.1000 26193 36421 300 0.6000 315.3000
S0389 0.3000 4.1000 46956 56659 300 1.0000 152.4000
S0242 1.3000 -0.2000 51433 64800 300 1.0000 335.1000
S0797 1.4000 5.5000 40059 55791 300 1.2000 393.5000
S0552 0.9000 -2.1000 27146 39225 300 1.2000 129.0000
S0200 3.5000 3.2000 45108 60260 300 2.9000 179.9000
S0178 2.0000 6.3000 52041 59640 300 1.5000 155.4000
S0475 -3.7000 7.7000 50441 61718 300 2.7000 206.2000
S0630 1.8000 5.3000 27466 40422 300 1.8000 371.8000
S0470 -1.8000 6.1000 22264 36555 300 2.1000 311.2000
