S0737 -15.9000 7.3000 22600 42620 300 2.7000 67.3000
S0129 -16.5000 7.0000 51219 64800 300 0.7000 110.7000
S0340 -18.0000 5.4000 27017 34743 300 1.5000 380.4000
S0164 -17.4000 2.7000 39382 54805 300 1.3000 299.5000
S0516 -15.5000 6.7000 34773 42436 300 1.2000 205.0000
S0562 -17.0000 4.6000 50787 64800 300 1.6000 368.5000
S0657 -17.0000 3.0000 56689 64800 300 0.8000 231.7000
S0444 -16.8000 8.0000 52527 64800 300 0.9000 349.6000
S0186 -16.9000 4.8000 49498 64800 300 2.4000 185.2000
S0248 -16.4000 5.6000 48851 62469 300 2.4000 147.2000
