S0491 -8.5000 -16.1000 50660 62083 300 0.6000 269.4000
S0757 -10.7000 -16.2000 42077 62568 300 0.7000 107.3000
S0408 -7.6000 -15.7000 35908 55632 300 0.9000 209.3000
S0647 -8.5000 -13.4000 41178 60062 300 0.9000 117.5000
S0495 -5.6000 -16.5000 41352 50907 300 1.0000 120.3000
S0665 -9.4000 -19.0000 48661 57369 300 2.3000 52.2000
S0786 -7.5000 -16.5000 32827 41489 300 2.9000 256.9000
S0497 -7.8000 -16.9000 25773 42424 300 1.3000 278.3000
S0556 -6.5000 -17.1000 26796 35485 300 2.7000 241.6000
S0336 -8.5000 -15.3000 38065 51811 300 2.7000 207.9000
