S0094 8.0000 10.3000 49668 57983 300 0.8000 59.0000
S0629 8.1000 8.8000 24953 33548 300 0.8000 305.1000
S0188 8.5000 11.8000 46857 58465 300 1.3000 131.0000
S0225 9.9000 9.9000 23641 34906 300 1.2000 390.4000
S0699 8.3000 11.1000 45697 64800 300 1.2000 68.8000
S0381 9.1000 10.1000 36695 53479 300 1.2000 385.8000
S0586 9.9000 11.9000 23543 34230 300 2.7000 374.1000
S0170 10.2000 11.0000 23016 42138 300 2.9000 233.6000
S0643 8.6000 12.0000 24392 32332 300 1.9000 106.3000
S0289 9.9000 10.8000 42327 51558 300 1.9000 288.4000
