S0029 -5.4000 -1.2000 44901 64258 300 0.5000 397.2000
S0790 -4.1000 -5.5000 48078 61752 300 0.8000 294.6000
S0663 -4.1000 -2.1000 49973 64800 300 0.8000 116.8000
S0738 -4.2000 -6.9000 57425 64800 300 2.4000 325.3000
S0105 -6.2000 -7.0000 48883 58320 300 2.7000 57.3000
S0252 -3.8000 -4.7000 55782 64800 300 1.0000 295.7000
S0724 -4.9000 -5.6000 47269 64269 300 1.8000 84.1000
S0037 -2.0000 -5.2000 34653 49685 300 1.1000 219.1000
S0371 -3.5000 -2.9000 41920 61346 300 1.9000 180.4000
S0769 -6.8000 -2.6000 41368 57378 300 2.8000 231.8000
