S0649 -2.7000 -11.5000 48340 56972 300 0.5000 293.2000
S0529 0.1000 -13.6000 47617 61907 300 0.6000 323.6000
S0067 -2.2000 -12.3000 57360 64800 300 0.6000 99.6000
S0802 -1.4000 -9.5000 46866 64800 300 1.4000 358.2000
S0075 -4.5000 -10.9000 36031 56444 300 1.2000 98.9000
S0759 -0.5000 -13.6000 44741 56095 300 2.2000 347.7000
S0055 -0.0000 -11.4000 38973 56366 300 2.9000 97.3000
S0009 -0.2000 -12.0000 43894 56658 300 1.9000 52.2000
S0345 -1.7000 -12.2000 49482 64800 300 2.8000 266.3000
S0471 0.5000 -11.3000 30900 41116 300 1.7000 246.8000
