S0054 13.9000 7.8000 47459 57793 300 0.7000 390.9000
S0528 13.8000 6.4000 37520 51623 300 0.7000 345.6000
S0571 13.2000 5.9000 55010 64800 300 0.8000 104.5000
S0428 12.1000 6.4000 44930 64800 300 2.4000 236.7000
S0236 14.0000 7.2000 36140 52862 300 1.6000 292.1000
S0386 13.8000 6.2000 40192 51519 300 1.2000 121.5000
S0664 13.5000 7.7000 36204 55682 300 2.9000 226.8000
S0570 14.5000 4.8000 35396 55958 300 1.8000 159.8000
S0426 14.6000 8.4000 45340 54523 300 2.2000 381.7000
S0210 11.2000 3.7000 39979 60267 300 1.7000 218.0000
