S0369 -6.8000 4.3000 43900 51542 300 0.5000 59.4000
S0014 -6.9000 6.5000 25490 42200 300 0.7000 273.2000
S0633 -5.4000 1.8000 39686 49666 300 0.7000 205.0000
S0755 -6.6000 1.6000 43296 52395 300 2.5000 282.9000
S0674 -7.2000 5.2000 46881 57150 300 2.5000 331.6000
S0622 -5.6000 5.0000 52749 64800 300 1.3000 282.6000
S0467 -5.9000 3.2000 42039 58578 300 1.5000 116.1000
S0143 -2.1000 1.9000 56811 64800 300 1.5000 187.7000
S0290 -6.4000 1.8000 48730 62759 300 2.6000 394.7000
S0620 -6.0000 3.6000 38869 59384 300 2.1000 311.8000
