S0184 18.7000 10.8000 44964 64800 300 0.6000 242.0000
S0600 17.1000 11.5000 42997 53275 300 0.6000 336.0000
S0573 19.0000 10.1000 51530 64800 300 0.7000 186.6000
S0748 18.1000 14.1000 25170 40260 300 2.3000 355.0000
S0166 17.1000 13.8000 44706 63608 300 2.9000 132.2000
S0026 19.0000 14.0000 27693 46395 300 1.4000 87.4000
S0201 18.3000 12.1000 32245 49044 300 0.9000 199.9000
S0702 18.3000 12.6000 49845 59908 300 1.7000 121.5000
S0658 19.9000 11.7000 30642 44775 300 2.2000 120.4000
S0499 18.6000 12.4000 23139 41364 300 2.4000 336.6000
