S0247 -11.8000 -16.0000 39974 51905 300 0.6000 212.0000
S0198 -13.9000 -19.9000 30581 51825 300 0.6000 63.5000
S0656 -12.8000 -16.6000 25135 42829 300 1.1000 341.3000
S0018 -13.8000 -17.6000 50436 59996 300 1.0000 187.7000
S0293 -14.9000 -18.9000 48088 64800 300 0.9000 312.3000
S0087 -13.5000 -16.6000 37804 51458 300 2.4000 380.8000
S0543 -13.2000 -15.9000 28939 44958 300 2.5000 180.9000
S0775 -13.6000 -17.7000 46751 64800 300 2.1000 247.2000
S0123 -11.6000 -16.3000 44410 52218 300 2.1000 342.8000
S0744 -14.1000 -16.2000 48373 56364 300 2.2000 335.4000
