S0794 -11.9000 -1.9000 25028 45633 300 0.6000 300.4000
S0011 -10.1000 0.5000 33141 43619 300 0.7000 221.7000
S0159 -13.6000 1.4000 43368 54478 300 1.2000 56.3000
S0446 -12.8000 -0.4000 30186 42442 300 1.6000 243.7000
S0127 -12.0000 -2.4000 41741 51893 300 1.7000 397.4000
S0281 -10.9000 -0.5000 23719 41479 300 2.1000 250.1000
S0154 -14.0000 0.6000 33084 41094 300 2.2000 247.3000
S0686 -8.7000 3.3000 36241 51012 300 0.9000 245.0000
S0169 -12.1000 0.6000 39508 47670 300 2.0000 395.1000
S0286 -13.2000 0.5000 27331 39404 300 2.5000 357.6000
