S0216 -19.2000 18.0000 36703 49348 300 2.9000 91.2000
S0611 -19.5000 19.1000 44036 60480 300 2.8000 369.1000
S0429 -18.0000 18.1000 40691 49081 300 1.0000 200.2000
S0565 -18.7000 17.1000 56338 64800 300 0.7000 123.4000
S0524 -17.4000 17.6000 54500 64800 300 0.7000 267.6000
S0351 -13.8000 16.5000 51173 64562 300 0.7000 328.9000
S0580 -19.3000 19.1000 43357 59247 300 0.8000 243.2000
S0238 -15.5000 19.0000 22916 31456 300 0.8000 108.6000
S0226 -15.3000 18.4000 55901 64800 300 2.2000 230.1000
S0676 -17.5000 16.0000 24399 32444 300 2.1000 195.2000
S0732 -19.4000 18.4000 46358 64800 300 0.9000 320.4000
