S0260 -17.7000 -3.5000 55241 64800 300 0.5000 104.5000
S0380 -19.6000 -2.1000 32137 52912 300 0.6000 143.9000
S0138 -19.2000 -2.9000 31264 50291 300 0.7000 258.4000
S0783 -18.1000 -2.2000 50058 60720 300 0.8000 86.6000
S0059 -18.6000 -3.0000 53049 64800 300 2.7000 390.0000
S0023 -19.5000 -1.7000 42735 53942 300 2.7000 241.9000
S0761 -18.3000 -3.0000 30499 47244 300 1.1000 241.1000
S0012 -17.3000 -3.5000 21644 32279 300 1.1000 207.1000
S0190 -16.7000 -5.7000 45895 57439 300 1.6000 260.8000
S0503 -18.8000 -5.4000 46802 56377 300 2.0000 350.0000
S0753 -18.3000 -5.5000 42725 56752 300 2.0000 144.8000
